S0100100110110000000100010000000100000101000010000001001000000001001000110001000001101010100100000000
10000101000000110100100000010000001001010000110000100000100000111011101001000100100010100000010000000
00011010100100100011001000010110001010001001001001010100000110000100001000000000000010000100010000000
01010001000000101011100010111010010110001000010010001010011000010001101000110000010101110100100000000
10000110000000000000001010011111100100000000000000000001100111000100100000000000111100000011101100000
00101000000010001000000010000000001100010000011110001111000000001000001111100100000011100100010010000
00010010000000100011000000010100001001110010101100000010010000100001000101000000000000000000000001000
00000000000101000000111000000110010000011011000100101000000101000101000110100000010111100000010010111
00010011101000100000000001000000001100000101100110010110000000000001000001100000100100000011101100000
01100010001000000000100010001000011100010000100000000010010000001001001001010000000100001000111011001
10001000100001100000011011000000000000010000010000000000101100000000110011010000001110000001001010101
00100000000111100100101100011100100011011000100000010010001000000001100000000000100001001000010011000
01000001111100100101001000100011101010000000111010011000000001001111100110010010100001000110010000000
01001001000000000010010110000001000010011000011000000111000110000000100101010000011010000100101010100
10100100110000100110001011010100110001100000011000001110001100010001000100010100010101000101000001000
00011110110000111010011100110000001010000000100101010010100110010000000010100001000101101001010001000
00000101000001100000110000110000000000000010001101000100101111101001010000000000100000011000000001100
00011000001011100100000100000000000000110001000000011111010000000100100000101000000000111010000000011
00100010010100110001000000011000001011001000010000000000110100100100100100100000110100001000010101001
00111000000001001000010000011001000000010000001010111001010001000000000000011000000001000110010101001
00000000100110100000001001101000100001000101100000100000011000010001000011001000001111000001000000000
01101001000000010001000100100100100110011001000110100100010000001010010001000111000001000010000000010
01000010000000101110100010111100000001100100110010010100110000100000010000010011000001010000001100011
10000100000001001101110010000011011001010110010011100010000101110000011110000101001000001000100010010
10001000001010101000000100100100101001011000110000000010111100000111011011000110100010001000100001100
00000001100010000000000000010100000000001000010100000001000010100000000110000100000010111000100001010
00001000000000110000000111111101000101101000100000000000000010000000000000000001111000000101100100110
00111010010000110010000001100011010000010101101010000000011000011000000000110000011000010000100000001
11001000000001100000010100100010000011001000110000000101000000000110101101000000100000010100000010000
00101000000100111000000010101100000101000101100000100001000000000100010100001010000011000000010010010
00000110000011010000111010001010010001010110000010010000101001010001001000000010101011010001101000000
11001000100001010010111000000100001010010110001100100010000010000011100010010100100000011000010001000
00100011011010001001000000000110000000000100100000000000101010000000100100000100111000110100101100111
00011100000000100100100011100011000110000000001010010000010010000101000010011110000000001000000011000
01000011101000011000101000011101000000010000100011001000100000100001111010000000010100100101100000011
00010100010010001101110000011100001011011000000101000101000010000010100100100100110010000000000010000
00010010000001010000011000000000001001000101001001101000000111000010000010001000010010000000101100100
10011010000010011110010101001001000001000011001110000110101001010001010010101000101000000101000010100
10011010100001000011000100010101101110000000100010100000011001110010110001100100111001001000010100000
10011000000010001000010101000000001010001010110000000000100100100011000001100100000100100010010001000
00011010000000110101101000000010000001000000100101001000110010010000100001000000000001000001000000110
01000001100101010110000100110001010101000100011011111000000000101001100000100010011000000100110010101
00010000000110000111000100110001000010000110101010000010000000001000011011101000101000100010110100101
00011011010000100100000010000110000100000001110100010100101000000100101010110000010000000010010000000
00010010011100010000000100001001000010001010001001000011100110100000100001000101100101100010011000000
10000000001000110111010000100010001000000101000010101000111100000010100010000111000001000000001000110
00000000001000000001100000101100010010010010000000000001101010001001000000100000011011100110000100011
10000110000010001010100000000111001100000001010010010110110010100010010000011000000000100111100000000
01010100000100011010000010110011100100001101100001100000000111001000010000001010101001011001100000011
01010000000100000001001010000000000110000100001000110000000100001100000100001000100001000100000100000
00000010100000000011000000000010000100010000100110110001000000001101000110001010000001001011000010010
00001100000010101100010001001010000000010000001110000101000010000000101101011110000010001100011010000
10100010001010000110000100101000100000100011000100001000100010001000000000110110001100010100000000100
11100000000000000100000000010100011010011100000000000001001000001000001001001000000001110101000111010
01010000010100001000010000000111010000010000000110101001011010000000000000100100000000010000001000010
00000101001100000011000010010100011010100010001000110000001100000010001110010100000101110000001111001
01000011000000001010100001100110101101000001000011000001000010011100100110000111000110000101000101000
10001100111010000000010000100001100001000011000010000000110000100010110100100001010101010101101000100
10011010000001000010100000011010001000000000101011010011011101011100010100001000000000000110000101100
10000010011100100001001000001000010000001101010110100000100000000000101000000010010000001100010001000
10010001010001001110001000001000000000011000010100000000011010000100000100000001001010101000001010000
00011000000000010011010001001010001000100000011100100101000100100100111101000111100100110000010001000
00010000110001000000000100000011001000010011110000111001000100000000001000000000000000000100000000001
10000000100010100000011000100100000010010101011001000010000100010001000001000100010000110000001000010
00010001000000000001011100101100000001010100010000011000001010010010100001100000000001000101011100100
10000010001000111010000000001000000000101000000001010000100001001100000011001011010000000000001000000
00000100010111000011010110011000000001001101110100010000100001001000000000000001010011001011011000000
00100000000000100001100010001000010110000001010001000111000000110001111110110100011011001010000000000
00101000001000011000000000001010000001010000010000100010100000000000100101101010011000000111000011011
11000101000000010000101001000011010010000010000110010010000110010000101000000101001000000000010100000
10000010000000001000000010100001000000111100010010010000001000001100100100100010000110000100000000010
00110000011001011001100100000100000101100100001000011111010010000000100000000011111101010010001001110
10010010100010000000000000000110000010011011000101000001000000010010100100001000110000101011101000000
00001010100001101100101100110010110000100010100011001010010000101000100001001111000011000110000000101
00000010000100110000000000010000101000001011000000001001100010101010100100110000100001111001100000100
00000010010100111000000001100000110110001011000011000000011011011000110001000001010000000111101111001
00001010110010010011001000001001100011001001100110000000001100000011100010011000000100000010101101001
10000011110110010101100000101000100000101000001101100000000000100101000011000001000010001000000000011
00111110000000000000100000000000001010000010000000000010001000100000000001010101100100001000000010010
10010010100000000100010100011001100100010101001110000111000000010100010101000101001011000010000000100
11000000010101001010111110100000110001011010001001010000010000100101011000010000001100001000100101001
01011000001001000010010100001101010000001100000010010011000000000000001001110010010000000001000010000
00000000100000100000100001011000001001000000000000001100001000110010000001011101101000101101010001000
00011001100000001100000010001000100010100011010000000000000101000000101000000000010000101010010000101
10101000000001011010000010010000000010000010000010100110000100000000000000100001000010000100000011100
00000000101000000100010000000000101010010111000000100000000010010000001001000001100000001110011000001
00000000000000000100010100000001001000001100000100000001011100111110001101100110000001000000011000010
01100010000000100100100000000001010001000100010100101001111100000100100001001111111011011100100101001
10100100000001001001100000000000000000111011011000010001110101100000010001010001010010110010010010010
00000000011011000100001000111010101000000010101000101001000111100000100100000000010100000010001110000
00100000000100101001010100001010000111110010010101010100110000010001010001000000000000000100000010101
00000001101011001000000101000000000000000001100100101011101000110001111000001100011011000100101001111
00001000000010010001011001010001100000110110010001110000001001101010000001000000100000001100010111000
11001010011101000000000100101000000001110000100101010110110001100000101000000010000000000000001000000
01001011000001011001110001000000111000010000110000000101100010001011100000010000100100110000110100100
10010100101000000001010000011000000100100000010100100110001000000000001011001100001110100011000010010
00001010101100010100010000010100111010010100010010001001100110100010010010110100000000010001110101001
00001000110000010101000010101010000001111011001000100000000010110000010100000011000100000000010010000
10001000000100000010010000000100000111000010101000101111010000000000000010111001001000010000010010000
01110000100000010000000001100010000010001000000000000010011000010000010001100110010000000010010000100
0010011001000001001000000110001110000000001001010001011010100001000000000000000000000011000000000000G
