S0000100101011001001110010100000000101011000101000101000000000100110010101100000000100101100110000011
00000010000000110000000000110000101000000001000100100000000010000000110100010101001000000001100000000
10001000110011100010000000010000001000101101101000010001001000100100001101101000000000011000000110100
10011100000001111011100000000000000001000010101001001100101001001010110100010011100010000001001000101
00001000001000000100101100000001001110000001001110101000100000100001000000100111000111000000000010011
11010001010001000011001101000010111001011110010000110001011001001001000010000000001001111111000000100
10000000100000001000100000000000100000000000110101000000010000000001101010010100010000100010001000000
00000110011101100010100000010100000100010100010000001100100001001101100000000001000100000001000000100
10110101110011000110011000101000010000110100010110101000000100000000010000001000000000101001000101000
00000100000010100000001011100000100000100111100000100101011111000010000010101000111000000101110000000
00100000001100000000001000100001010101000000000000000001000000001000011100000000100000100011000000101
10100000100001100111011001001000001000000100000000000101000011100100001000010101110110000010000010000
00000101011010101000100101010000011001010100100010000101100100101010110100101011000000110010010010100
10000000010000100010000000000101001001101111000000010010011101011000101101100010111001000000011011000
01000000010000100001100101011001000000000001010000001000001011000101100100001010101000110100100101100
00010000010000001011000001000101001000010010001110000011100010000000010010000000100101001000110110001
00110000110110000100100000011001010000100000001100100000000010000000001101000101010101000000000001001
00000001010001000000010001010000001000000011000010000000000000001100101010001100000001000110001000001
00000010100000100010100000010101010000010101000000100000001100010000100000000001001001111001110010000
00101100100000000100100000000000110000010110000000110000100110010010000000000000110111100100000000000
00100111010000000100000101001101110001000010100000100111101011101001010100100010010000000110001101000
00001100100100000000000010000000100110010000001111001100000100001000001001011100001010100100000000100
01000010100011101000011001101001000000011000011100001000001010001000000000000000111110000011110000101
01000000011110000001001000100011100000000000010111110101100000111100000000010000000000001010100010100
00101010010011100101000011110000000010010010000000101001001000000101000011100000000001000110100001001
11001000001000011000010000001010100100000010010010000101001101000010111000000111001000010010010001101
10001100000101001110010001110000011000110000100010000001100001000001010100101000000010000011001110000
00011001001100110001001000000000111101000101000001100010010100111100010011100111110011001000001001001
00100000101100110101101110000010000000110100000100000010001110000001001110010000010010010110010000010
00100100000001001000100010001000110011011100000000011000111000000101000000000010111010000011001000010
01010000000001000000000111000110100000100001000011010101001000001110000100011001010100100000010001001
00000100001100011100000010100010000100011000000000000010000100100011100000100101100000010000010110100
00000000110010000100011100011010010000000000110000101100101010000010100100000011000000101100010010010
01000100010000001001001000001111000000000010100000100001111000001000111001100001100100011011000100001
11001000010000001010010100001100010110010010001000001011100000000000000000000000101000001010000000010
00110101000000110100000010001000001001001000000001000100000001010000000000000001000010110110000001000
00001011000001010100101001000010100100000101010001101000000010100011000001111110000100110001000011000
00001000010000110001011110000001100110011001000001010001000000001010000111001001000001101100001101000
11001001000000000011000011010010110100101000011000000000000001100010000010000100100110100001000001110
00110010100101000000000000000001000000000010001010000010000100010000100010000101000000101000101001000
00001011011000110001000010111000010110000011101010000010000010000110000010000010010000001000101010000
01100000001011010110100001001000001010110000000011000110001101110100000111000000000101010110001010000
00001000000101010110011001000010001100001000010001000110010100001100000000110010100000111011010001000
01100101000000001000001011000110010101010011110000000001011000100000001100110100000100000000100110000
00001000101001110000110100101100000111010010100000000111100010100001101000110001110011001110010010000
01001000101100000000000010000001000011100000000100000000000101010001000010110010100100001001001001100
00011010000000000000010000000101000000101000011000010110001000000110000010101101010000000000000101001
00000000100000101110100000000001000100010000000000100101000011000011010000011101010000010000000010011
11010100010100000000000011011100000000000000010000000000010101111110010101100010111001100000000000001
01100000100000101011010001010011011000001001100001001011000011000000100010000100100000011001010111000
00100001100001000100000101100101001000000000010011000101001101010001000010001000001000100000000110010
00100000000010010100100110101010000000000000000000100001100011001100100010110000000001010010100100111
10001100100000100100101000010000001001000001000011010000000000000100000001000110101100010001000001000
00111000000101010000111000001000001111000011000000000011101000010011100100000100000010100000000001000
00010000110000010000001000000001110000101001000000000110001100011100010001111000010010110000000110010
10000011001100101000011100000010001100111100000000010000001000110000011001110000010001010000000000011
00000100100010010011000001000100000100010000000110000000110100101010001101000101000000110111011100001
01000111001000010000010000001001011010000100001100100001000100010101000000000100000001000000000101101
10000001000100010000000010101100000000101011000010100101010001000000010100000000111000101100000000001
10000100001010001100000100100100100000001100001010000100010000000101000011010011001000100001101100100
11001000010000000110101000000110000001010110000101000010001001110000100000010000100100000000000011011
00100010000000000000000010100001001100100010101000010111000110010110000000001000111101001001100100010
01100010000000000010001000000100011000001000100001001101000011000000000011010101000000000100101110001
00010000100001001000101100001010000110111100001110110000000101111001000000110011101000001010111111010
00000001100001010000011010000011100000000010110000010000000110010111000000100000000110000000100000000
10000011010110010000000000110000111001101010100000001010100001011000000000110100101110001010000110000
01101000101001001000111111010010011110100101000000000100010010000000100000010001101000010111010100011
01010100010000000000000100000111000010011100100000111001010010100000101010001000100000001000000101000
10000000100000001011000001000000100000110010100001000010010010000010100100100000000000000001100010100
10000000010001111001000110101011010100100001100010000101000010000000001000111001101001001100000100010
01000000110001001011000000000100011010010100100100011000000010000001000100100011001101010100000001101
10001100000110110100000000000101000000010010011000001011010110001010011000001111011000100001100000100
10000011101100100000000010000010001100100100100100100011100100001010100010100001001100111010100100100
01100000001000000100111101000101010100101000000100101000110100010000000001011000011011000001010000110
10010110101000000000010100011000000001000101000100000101010010000100100001000000000101000011000011100
10000100001010000001001000000000001010010010100000110000001001011010100000100001000010100000000010001
00001100110010000010000000010000001000001000000010110010100010011000010101101000011001001100010000010
10000110100100000000000100011000101111100100010000000010001010100010101011000000100001000011000001001
00001100001000000100100011100001101111000100000101100001000000000111000100000000001000100000010010010
00100001100001100000000101110010001000000010000000000001000110100001010000100000101000001100010001100
00010000110010100001000000000111000001001001001000101111000011100010000000010010101000001010001001000
10011100111000010000111000001000100000000100010001100001101010011000101010010100001010001101000010000
01000110101100010011010110111000000000000100001001000010001001111011000000001100100000010001010100000
00010000000111000000110100010000110011000000100000011000000000000000010000110100010110000000100110010
00100001110101001101001001000010100100010100011001001000000010101001000000100000010100010100000000010
11100111001100100110010011001010001000100110100000010001000001000001000001001100011001110100100010110
00100000000010100110001001000000100001101000100000010100001101100000000001000000000010000110111101011
11010001101101110000110101000000001001001010000111110010001100101100001011000101000100101000010010010
00111011001000011010011000001001110010100000000100100010110010100000100111100000000101101000000000010
00000000000100000010111001000000100100001001001101000010111101001000100000011010001000100010000000111
00000000001011000000000100000110000000000110100000010000100010100100101010111001100000001001101011000
00110000101010100001100000101001000100000100000110100001001100001001111000111100000100001010100101100
00010000000101000101010000001000001001000000111000101110000001010011000000000100010101000010001100000
01100011000000000010100100100110000110000000001000010000000000000100000010000010001011000010000001000
00110110000001010010110010110001000010001001110100001010001100010000101000001001010001010010100010010
00110000001011000001001110000110010100101100000000101100100001010000001010011000000001101000101101100
00011000110001010001000000001001100000111000001010000010000010000100011100000100011100000111010010001
00000000011011011100101000000001100000000001100000000100001001000101100100110100000001000001110000010
10010000001000010000010000000000000100011100000001010000000010010100000001000000010000100100001000100
00010000000000000011110100000101001010101000001100100000001111100010001001011000001000010000100111000
0010110100000000100000010010010000010010000010100100001101100000000000101010010000001000000000010000G
