S0010010010000101010000000101010000000001110000000100001000100001101001100101000101000100110001110010
00000101001000000000101011100010100000010011000000000000101000101001001110000000100011000000000000010
10100100000000010000000010010000000010010000001010010010010001000000000010100100001000000000100000010
00010110010000101101001100000000010000000000000001100010100010001010000010000001000100001010100001101
01000101100100100000100000100000010000100100010010000100100100100001001000000100000001001010100111110
00100000011010010001100000001010011010000110000000000000000001001100001000000001000010101001000010000
11010000000000011100110101000000101000000000000001000000100010101000110100101010000010001000011000000
01010000110000101000000001000010010001111000001000110101101000010000010001101100000000100011000010101
00100010000001100000010101010100010100001000000110101001011011000011000100000000100000011000001010000
10000101000000000110001000001010100011100011010001101010111000101000110001110110000000110000000000100
10000100110100000000001000001010111100011000101000000111001111111000000001000110010100001011011000000
00000000110000010010000110000100100101001001100000010000011000010000100100001000001000001000101100100
00001000000001111001000000101111100100000011100010000001010000101011000000011000010100100101000011101
00001010000110101000111010101010011010010000001100011100001000000011010011001101011000010010010011100
00100110000001000011100000010100000110100000000000000000000000001000010011000010101100000001101000000
00010000100010001000001100011101101000000000010000000100100001100000000010101010100000000001011000000
10001000010101010000000000010000000001011000001000000100010110000000100000011010000010110000001011000
00100000000100110001011101110010101100000011000000100100000100100000100000110001001010000000000000000
10000000110001000010010000011111000000011001101001000000001100100010000000111000010011011000100010001
00000000001101100000001001110001000000001000000000000011000000100001100000000111001000110110100000010
00100000100111011001000000010100010000001001000000000001000100000000001100100001011000000000011000000
11000000100001000101101000101101010010001111101000000010000110110010011000110100010000000010010100000
00101010111011001010101000011001100001100010110101100000111110000010100100000001000000000010100000000
00010101100010100110010100101010101010000010001010001000100000000000000001000100111001100000000000010
00001001001000001001101100001100000011000010111110000001001000001101001010011101000010011101011000010
00011010000000000000100010000000001110100111000000000100001000000001001100101000011100101011011000000
00100100000100100000000100010001000111000101001000001100000000011010000101000010010001000110011001010
01000101011100100010100010000100000000001001101001001000110011110000100000000000100100100000001100000
10110100010000011001110000000100000000010110010001000000100110110001000011100010110000110100110000011
00000010001000010001010000001000100000000100000011011000000000000100000100100000001011100010000110100
10000001001110000000001010110010011000101110001011001000001110001010000000001000100010000011001101010
00000000001010010000000111000010110111000010100000001010111100100000100010001100000000000001001000001
11100000001100010011101001010011101001001010111001110000100001001101010000011000001110000100101101100
10000000011100000101000101000100101001100100110010110011010101000000000000010000001100011000100000100
00010001000000011111000100010000000100100000010001001100101000110101010001000110000010111010110000110
10010100110000010000110001100000000000110011110000100000011000101111000000100100000010010011100001101
10101000001100100000000010101100000010101100001000000100101001010011011110100100100000000000000000100
00000010000000000000000010011001000000010000100010000000010101010101110000111001000000000100001011100
00100000100000001010001010010011111010001100000011001000100000100001100001101001111100000000000100001
01101000010000001010010001110000001010000011010000000000001001000110100001000101011111000010001001101
11000100101010010011000111010011001010000010001001001101000110011101011100000100000000011110010000100
00010001010001101000000000010110110010111000010001000101000000101011101000000001010000011010001010000
00000001001000000001100100010000001010100010001101111100111010000100000110110110000010000010000001001
00001000010000000000000110010101000000000100010110000010110000001001001110000001000000000010001101011
10000000101000001000100000001100100101000000001000100100000011000000000000000100010000000000001101110
01010000010011100000000000000000000010010101000001111001000000001011000011000010001010100100000110000
11111011000000010100010101001010001011100100001000000010000001010000001101001101101001100000000110010
00101000000010100100011000100010000110001100000010001100000010000010000000010100101010000001000011001
00100001010001000110000000001100000110100011000000001010000001000000110000000110110001000000000010100
10101000100000011100000100000101111001010001100010010001011000100000100111010100000010010101001001000
00000000000000001000001111000010100011001000111101000000001101010101110101100000000000010011000100011
11000000000100000000100010100101000010100011000000001011100001110001000000000000110100101101100001000
10001111000000000000011010000101000110110000101001000011000110000100001000100000011010011001001011111
00011010000010000000010000101100000000010000010100010000011100100100000101110100001001000000101000000
00000000100110000001000100000001110000101100001000010101010101000000000000100000001010101101000000001
10100011000100000111101001001000011110000111010001001010100010001000000011000000000101001110101010100
00001101010000000010100000001110000001000001010000010011111000001110100100101100100000100000000001000
00100100010001000000100010110000011010100001000010000000000001100000000001001000001011010010000000110
00000100000000000100011101001100000100010011100010001000000010010110001001000101001100100101000000011
00000110000000000010000011111101000010001010001011010100000000010110000110010110100100000000111101100
00000000011000010000000000000000000001000100100010010001111001100100000010010001101000001011000101000
00000010100001010000001001100000000101100100100001000001000001000001111101000000001010111001000100100
00011100000000001000000001101000001110001000000000001000100000000010010011000110110001110110010100010
10100000000100101101001010000000001001000010011000101010010000110000000000000001000000010100001110010
00000101000000010000100001111111000100010000000000000110001000001000010100011000000000100001000000010
00100011010111100100111000100011001000000011010000010010011010000000010010000000001001100100100100010
00000001000000100000000101001100000000010100001111111001111101000101110011010000000100010100100000010
00100111010110100100001100000000000101010101000101000010010000000000000000101110000100000000010010001
00000000100010101110100110000100011100000001100110000000100010010011010010100011100010110010100001000
00000000001110001000001001010100010000001001101100000011010000001010100111000000001001010100110100000
10011110001000100000100000000000001001000100011000000100000011100000001100001110100000001110011101100
00110000000100000101010001000000000000000010101000100100011000110000011000100111001000101000101100000
00000001110000000000000000001011100101000100000011000110000100100100000000010000010010100000000110000
00000000100001000001101001010101001011100000000001001000000100000000001000000000000000100010001000010
10111100010110110000100010000101000010010110100110000100001000100101000001100010000000000100100000000
00001000000011100001101000001000011100011001101101110011000000001010001010111001000001010101000100000
00000110100100011010010000001001010101010010111000101111001000111000000000010101001000000001001000010
01100001010010100000000000110011001001100110100000000000110000001001000000100110000011000100100100010
01010100010001101000010001100110000001011000001110000001001000100001010010000010100000000100010000111
00000100010000010100000011110000000101001001000011010100101000010010010110000100010111000010000001000
01100000110001000001001100000010001010000010000010100010000000100010000010000000101001011001001000001
00000001000001000101001100000000011001011100001100000000110010000110001000000000001000100001001110010
00000000010010001010010100001001000000000001010110010000000010000000110101000101111001010001001000000
00000000101110010000000110010001000000000000000100100001000000110000000000010100001101000001000100000
11010101001010000010000010010000111101000100100001010100001000010100001100100000000100100100100011011
10000000100010001000100110100000010100000010000111101000011001100100010000000001000011100100010100000
10000001001100000001010000011101010101001100000110011001010100000000100000010000000000000000000001100
01001000000010110000100000100001011100000000010011101011101100000010000000010000000100111110000111100
10010001001000001000100001010000000010000101001000100010110010000101000001100000000100010001011001001
00000001001000100001000110010101010011111000101110110100000000101000000010110000011010000100010110101
11100000101000000000001101000111001000100010100000000000000010110000000101000101000100010000000010000
00000001100000010000000010011000100100000010011000100101100001000010000001011010000010001001000000001
01001010001010000010000010100011010101010111010000010011110000001000100100001101001010001000000010000
00100000001100010101100100010000101111100010101000100010000000110101000001010000100001100001000001110
01010100000010010000100011100001110000011100010001101000000001010000000100000000011001000000101000000
11000000000111010000110000011010000100010000100010000011000110000010111100000100000000001000010010101
00100010100000100000000000000000000001010000100001010010010100101010100010001000110011110000010011001
00100000100101000100010000100000100000100000100001000000001111001001000000000000101000101001100101000
00001000000011001010010000001000001100010000011010000000000000101100000101101010000001010100101000101
00010000101000010000011101000100000100100000001000000000000010010011001001100001010000100101000001100
0010000011011100000000000001000110000001000000010001100000010100000001100001001010100100001100000101G
