S0000011010000100011001000010110011010110001000011000001101000101001100000110001100100101100000000010
00001001001100100100000110010000000100011001100111001000101001000110000100011000101100001011000101000
10000000001010010000000000000101000000010000100001000010111100011000101010010100010001110100000010010
01001000100000001000110000101010001010100000100000100011000000000101001001000000000000001111011100000
00011010100001011010010000110001111110000000010000010000000101101100000000000010010000100000111000010
11100001010100001111100010000000000001001000101000010000000100000000100001001110110110010010000100000
00000110000000101000000000000000000000000100110101101000010100100001000010011101001000001000001010110
00000110100001110000001000100100000001010001001000100100011010001011000110000100000000010000101001100
00110110000001101010100011000000110100000100000000100000000101100100000000110100100101101001110001000
00010100111001000100000000000010011000000101010101110100010011010000010010000010000010000101000010000
01100010010000101000100001011000000100000111010010000100010000100001000001000100010100000001000100000
01000000000000100011011000000010000010100010000000010001000101000001010100100000100111000001101001000
11011000011110011000000010100000001100111100010000000100010101000000000000001001110100100110011010000
01000101010000110000000010000000100000000001010000000000000000110100111000000001010010010001000010001
00000010100000100000001000100011010010000001000000100000000001011001100000000000001000010101010001000
01110000100001001000000000101001001110010100011001000010000000100000000010010100000100001001010101010
10001110000000001000011010001010100100100000101110010100000000010010101001000001000000000100001000010
10111100000001110111000011000110001000011000100101100000011001000100100001010010000000001001011000000
00000000101000100000010000000001011001000010010010001111100100011000001000000010110010000101011001000
01000000001000000000000001000000000100100000010100101000100000100010111001001101100001000100000011001
11000110111001011011011010000001000100000100001001000100000011001001101010100000101010011110000000000
00000100000001010010101010001111010011000110100100010010101111000110001011000001101000000010000010001
00001000010001100000000010001000000010011010101100100001100100001000000000100010111000000101010011101
01000001001000000011010000010000010000000000100100010001000010011100100100001000000101000001000000001
00010110000100110001000000001000000010101000111000000111010110000001000100100110100001011001100110000
00010000000000000000110000000001101100001011000000010000000000001011100110010000000100000010001000000
00101000001011000100011000111100100010000001010000010100000000000000111010000010000100110000000001100
11001001010100001000000010000110000110000000000010000101001000000010101010000001010101011000000000001
10100001010110010000000000000100000000001000001001010010100110010011010100001100100111001000000011100
00001010100000000000110011010111001000010000010010000100010010000001010001001011001000100000000000000
01000010111000001001000000010000001100110010000100011000100000000010000001100010101101001000001011011
10000000110111011010000000100000101101110000000000000000101000101110001100000010000111110000000000010
10000000001001001000111011010000000000110100000000101000110001111000000000100010100000000000001010100
01001000001001001101000010100000000100101100111000010000000000010111100000000000000001100001000000100
01010000000100000111100010000001000000110111000000100000000001010100101000000000000100000001000100111
10000001101000000100100100000111000011110000011100011000110000100000000000000001101000010010001000000
00010000011001000000100000100000110000000100001011010000000000011111000110001000001000001110100100000
01011010001000110000111100111000001010100001000001101000100000001011010111101010100110111001000110001
01010100011100000010000101001011111011001100001110000000100010000000101011010000001001001000011000000
10000110010100011110001100101000000100100001000000100010000000001000110000000000100001000100001011000
00000010000000000000000100000000110010110000100010001000000001001100100100100011110100100010011000000
00011100010001110000001011000010001000000101010110100101000001100101001000110001010000010101110000101
00000110010000111100000000110000000100000001000000000000101110000011110000000010010100000011001000000
11111010001010001000100001000000000000100000000000000001010100000000011100000100000000100000000000001
10110100000000000110001000011110000000000100000000000000001000000110010001001110000100010001000010101
10001000001000000001000000010001101000010110001000001010110000001001000001000100100011100000011100001
00100100011010010000011000011001001000011010100001000000001010000000010010101000110001101001001001010
10000010100001101010000110001001001110000000000000000000011000011001011000000001000000000000000000100
01100010000000001100010000101000000000001000000001100000100100100000101010000000110000000010000010000
00100110011001000000001101001000101000000000000001000000000000110001010000000000001000000010100110100
00000000001010001101100000000100000000000001000010101000010011100000100110001010000100110011001000000
00010011100101010010010100010100010001000000000001101111000000000100000001000011100100001100001000101
00100011000100000000000111001010100000100100000011111100000110100000100000101001001110000000110010110
00000110001100001000000000110100000101010011100100010010000110000111001000001000000000001100101110001
01100110001000101000010000000010101000110110000000110000101000101001101000001100000111001001000101100
01000000000110011100001001001010000110011000000010001101101001110101000001000000001100001010100000111
01000101001001000000100110100000000000110010101011111000100001000110001010010000000010100001001101101
00100000100000101010101010110001000001000010001000010110100010110101100000011000101000001000011000101
11101001111001111100001000000000100001010111110011100111000000010000000001000111001101000001000010001
01110000011101001011010000010001000001000001010000000100011001000000010011000001000111001011111011100
00000101000010100011001100000010100100011110000000000000000101011100111100100000001000100000110010000
00001000100110000011010100000110010010010100011010000010000100010100100000100000000001000011100010000
00000010000010000001100111000001001010111001001001010100101001110100000101000000010000011000100101000
10000001100101101110000100010010110000010111011010110110110010000001100000010001001101010010001110000
10011001011010100100100001010100010000001101000000100101100001010010010011000001001100000000001011000
00010100100010000001001000010010010000000010000000010001000100001010001001000011110100100001000101000
01100100000000010110111000111000000011010110010010010000100000100000101100011110100001001101000001000
00000100010000110100010000100000001011000100100101000010000010000000100001000010000000110000001100110
00101100000000010110100000001011001001111000011010100010000110001000111010100000010100000000001100011
00000100000000001001100010101000100000010110000000000010000100100010010010010010001001100011100010000
10010000000000010010011111100000101011100001100000000100100001000100101001000010010000000110000101010
00000000000000000000001001001010000100100100100110100000011010000110100000010000000000100000000110000
10000000000100010100000100000010101000100010000101110000000001000100110010010000000001001000011010000
10000000000110000000010100001001000010110100110000111000000010000100000001000010100010000110100000010
11010100110100110100100011001001101000100000110100000100000000010000000011100001010000110100001001000
01101010000000001101000001010111101000001001100000011001001001000000011001000011000000001101110010110
00000100001000100101001000011000100010000101000001101110000110001010001100110010010110010100101011001
00001011011001110010010100111010010110001100000011010000100001001000110000000000000010000000111000110
10000100100000001010100000000100100000001101000010010000010010110001011000100000110000001101000001000
00001101010000110001010100100001000000000100101100000100001100101010000011001000001010110010001010000
10100010100001010010100000000001000100000000010000110100001010010000010101011100100100010100010000001
10100000011001000110100010000010010100011010111100000100000100001000000000001000000100000010110010010
00110110010010000000000010000000000000010100111100111111000100000110000001100010000000000010001101001
01100000101001001000010000000000000000010100000000110000000000000100100010000101000000011000010000100
01100011010000100010101000110010110111000010100101000010100010000010010001000001101010001110000101110
00110001001010100010000000000100100110110000101110001111010000000010010001000000010010100110001000101
00010100000011000011000001010001010000010000000000000000110011000000001000100110001100010100100100000
10000000001000000000011001100111001000000000011100001100100000000000010101110001000110000000001001110
00100100000010010000000000000101000100011100010001100011001001010010100100011100010011000000100000101
00000001000100000000100000000001110001010000000000011011000001000001010110000011000000010001001001011
01000100011010000000010000011100100000110001100000001000000100010000000100110101101000010000101001000
00000000000000000001001010000000000101000001001111001001000000000001001010001010001100110000100001000
00100010101000100000000000010010000011000011101010010001001100010111000010000111010101000010100010001
01011010000000000000000010000010010101010110100001000000000010100000000001000101010000100101011011000
01010000100010011000001001010000100000000100000100100100000000100000000010000000000001000000001000001
11100010001100100000110110100100010001001001100010100100000010010010001100101010000010010100101000001
00000000000000100111001001001000000000001110000010000100000000001100100000000000000000010111010000001
00001000110100110001010111000101100100001100001010011001110100001000000001010100110100001100010000000
01010001010000001000001010001110001011000010101100001101101000000100100010000110000000000101000001100
00000000000010000001000100000010001000011100000110000100001000001001010000100011010000000000101010110
0000001000010000001000000000101010000000001110110000001000101100100100100001001100001100011000101100G
