S0111000100100010000100010010101010000011100010010110100011000001001010000000000000101100010011000001
00000110000000011010100010000100100000100100010000011000000100000011001101000100000111000010000100110
00000000110000000001010110000000010000001001000110000000000000010110110000010000010001000001000010010
00100000011001000000011001000000100100000010101010000100000001000010100100000001000000000000100000001
00001000000011011000010000000100010100000100110001010001010010000100000010010010111001000000000110000
01000001001000000000000000001001101100001000100000001111010001000100001001001000100001000110011000100
00000110001000000011000100100101000110100100000000100000000100000101000100110001010010100000010000000
01100001110111000011000000001011001001000100001001001000000011101000010000100110000000010000000000000
00010101011110011100110100010101100001100001100010001000011001001001100011001011111000000110110001101
00011010100111001010000100100000010000001110100100000100010101001001110111010100001000000110000001001
10010010010000000000001000001000001101010000010001000001100100000001000000001100011111100000000000000
00000001010000011000101000100000000011100101000010110101001001001000000110100100100010010000010001001
10000000011111001001000100100100000100000000010010001000100001001110000000010011000000010110001000110
00000110110101100000000001000000001001100101100000000000001010010101100100110100110000110010100000010
10010011000010110010000000000000001110101000000110000001110001101001000011000010000011000001000001100
01001000000010010001100000001010000000000100011000001011100001101100111011010010001010010101010001110
00111000010000000001011001010001001000111001110001100000010000000000000100001110000000110100011000100
11001100011100111100001000111000000000010001000000000000100011000000000100000010101100000000000001000
00010000001000000110001000000100001001000101000000001011010001110001110101000010000000000000001100100
00100000101001101011100101000011010000001100000000101001100110001010101000110000010101110011011001100
00010110000010000110101011101000100000100011011001100100110000101000000101100101000000010101011000101
11100010110100000110110100101101001000000100001101011011010000100000100100110001001001001001010001101
00000111010010011010000100001000010001000111010100010111010001000000101000000000100000100100000110101
11100000001010000101001000000101000110101001010101000001000010111101000100010000000001110001000001000
01000110001001001001000100101010010010010111000010000001001011000110000000010000001000010101000010010
10000000100000000000100110000010010011110000011100010010001001000010101000010000000010000010011010000
00010000001100000011010010000101000010000000000000100011001001000100011110100011001101100101011100101
00010101100011001100100010110100000110001100000000100011001000100010100010011000100000000000001000000
00010100000010110000010010000100000001001000010100111010001001011100001001100010010000000000000001001
00010000010000101000000000110000100000111001100101001001101001010001000111100100010100001100000010000
00000000001000001001000100100000010100100010001000011010000000011011100010011000000001110000100101010
10101000010000010011000011100000000010110001001010100000110000100000010001001000000011101001100100100
10101000100010111011000001010000010001100101000001000000000010010010000100100011001000010001101010101
10100010000011000011100011001011000110000100000100000000101100000000000000010001000000100000000101000
01111010111010011000011000000110110000010101000100100000100011100000110010001001010000000001000100010
11000110000000000000111000001100000001101100010101100100101111010000001000000001101010000010010111000
00101000000110000000000001100100010101011001000110011100000100101101010001010011010000010101010010010
10001000000100100001000110110000100100100001001000001001010000010010001010010001000000011000000001010
00000011100001001011001001000000000110010010000000000010000000100000000000000001000010000000000000101
10001000101000010001110010101100100000000010000001000010000000101001000000101010100101000000100000010
01010000000000000000000000001100110110110110000000000100100001000001001001000001101011110000011000001
10101000011000100001000010101001000001100001100011010000000000011000000001010000010011000101100011101
00010010000000001000000000000010100000000001100111001000100010100000010000010010000000010000101000110
00101100010101011110010001000101000000101000000000010011000000101000011000001000100001111000100010001
10010010000000010000001100001010000100000001000110101010000000000000100000010000100110000111000010001
00010000101110111110010000110100000000001000001011100100001110000110100000100011100100000101000010001
00100001000011000000011001000000110000101100100001000100000001000000000001100100100010000100011000010
01010110001000001101000100100010000000000100000000011001000000100001000011110111010011001000000000010
01000101001010000000110000100010100000000101010000000000001000010101100011000101001000100100000110010
00000000001001010000010000001000100101001010000001001011001001010100001100011010010011011010010001001
00001000100100010100000010000001000111000000010001000101001101011000110010000000100001001010010110001
00011111000001000000010000010100110111010001010100110000100000101000000000000011010000100001000010000
01000000111000010000000010101100101000001001110010010100000001000000001000000100010100000001000010100
10100101110010010100001010010101100000110110010011110001001011001000001010010010000000000000000100000
10100101000110010000001000110001000000101100111100101000011000000100010100001100110001001100010100101
00110001100000000001011001010100110010011010100001101001110100011000100010101100010000001010000010100
10000100000000001111001001000011100100001000101000000001001111000000100011110000010001011110001000101
11010000010001100000010011110000100001010110101100000111001100100010010010010001001001000010010000010
01000100100000010000001000000100000000000110100000010000001000010001000101001000100000101000110000100
00010010010000110111000100010000011000011000100100001000010001000001001011010000000010011100000000000
00000000000010100000001100110000000000000000000000010100011000000011010010101100101111100110010000000
01001001011000100101000010010000011000010100001001010011000001001110001010001011000011000011100000100
00000000100000010101101001000001000000101001100001001100011101110000000000000001100000001011010000000
01000000100000011010000101001000110100101101101001000011001000011000011001010010000001001011000011000
00011000110101100100100010010111000110000100001100000000000001011010011000010001100000010011000110000
00000110011010000010000000000001000000010000000000001100001101100000000001010011100000110000111000000
10010000100010001110101011010000000001100000000101000010111001001101011100100000010000100000101000111
00000001100001010000000110000011001001000000000000000110000001001001001010001100000100110000101100001
11010010001111001000010110100101000100001000011010100100100011010000000000010001110010010010010101000
10000100110000111101011001000010100010000000001100010001000010010000000000000110000000000010000001100
00010100001000101000100110010100010010100011010010001000000010000100000000100100000010100000010010100
11010000000100101000000110100010001011000010000010100000000001010111000000001011001010010000001001001
00001000010000010100011110100011000000010000010010110000010001000000001001111100000110001000100001100
11000000010110110000011010001100000000001000110000000110110000011100100001111000001001001000000000100
01001000110001001001010001000000010010100010110011000110000001001110101100100010000000110010001101000
00011001000000110100001010000110001110111110110000000110000010000100001000000100010101000000110001000
10000000000000001011000001010010000000100000001000010001001100000000000101100100000010010001000000010
11010000001000010100000010110000001000011000000000001010101000010000010110000010011000011000000000001
01000011000010000000000100100000100001010110000000000110010000100100000101100100100001000001100000111
11010100100010101010001001001000000100111001010000001010000100100100010100000100001000000001010011000
10010100000000100101000010010100001010000101010001000010100001100001000010100001001010000000100000000
00000000000110110100100000000011000011000011001000100000101000010101000001010010101100010100101100010
00000001101010010000011000110010100100000011000110111001110100100010000000010011000001001011000010010
01000000000010000110011100000010010001001000000010010000000001010000000010011000000110011110000010001
10001010100010010101100000000000010000010000111000011000100001011000100100000000100000001000000100010
01010001010001001000000101110101110000000100000100000000000000001011100111000101001110010001000010010
11001100110000010000000010010000101001000100110101010010110000010001000010000000000100001000000100010
00100010001100100100101001010001000011111110010000100010000011010000000100000010100101000000111010000
10110001000000010000000010001000100100110000000010001000101000001000000100001110010000010101011010011
00000001100011000000010010010000000000010010100000110001001000010010110000010010000000110000000010000
00000000010011110100000001110000010100000101110011000001000010000000101001000000000111010000001010001
01110000000000000101111001000000111100010001110010001001000100110101010000111000010000010010000101000
00000110010100010000000011000101000000000101000000000001111000000000110101010001101000000000001100001
01000000100100010000101001000101000000110001010000100000000100001110100100010010110010100100100100001
10101100010000010000100000000000001000000001000000101000001010000100000010000100010110010000000001000
00000000000000010110010000001001100110010000011001000011000101001000001101000000010000000000100010000
01000100110101101001000001000010001000001000000000011000110010000000001000110110100001010000100101000
01000000110100100000100100000101000010100001000000000000001001010011000000100000010101000001000001000
00100000101011000000010011110000110000100000000001001110100100011000100011001101000110101000101010101
01110001000000000000100110010000000010001001000010000010000001000010010101001101000000010001000000001
0000001000000000000001001000100001000101001010100010000101011010000011001001001010000000100000111010G
