S1001000010100011001010000000000000100111000011000110100001001101000010000000000001000000000000100000
00000011001001000000000011111000001001010000100010010011011110010011111001010010100100111000100000000
00001000001000001100000101001000101001000100101001010000000000001010100111000100001000000101000100000
10110110000010100100001000000011000000000000001100100000000000010001000000000001110000010101000000000
00001000010110001101010011100110001000100000110000001100000000010100100000000010000100010000100000100
10000101110111000000110101010100000101000110000010001000001000000100100000100001000000010101100100111
00000010000101100111000010101101010011100010000010000010000000100101110110100111101100000100000000000
00001000100101010000000010010000001000100000001001000001000100100010000001101000000100100111100010000
01101001000100000000110000010000000010010000000101100100000000101100001000000000000101010000101110000
01101000000000010010000000000001100101100000101001100110000100000110001001000010000000010100001000010
00000001101000100011000001011010001000000010011000000000001101001010010011101100000011110000100001001
00000000001001000000000100000100011110101111110001000010000100001001001011000100000101000001010010100
01000000010010110101010001001000010110010011000001110001101000010010101000100100101010100000000000110
10010001001000100011100000110000000001000100000001011010001000100001000001010000010010110100000010001
00110011100100000000110100011000001000000000011100001001001010000000100000101010111010100010101010000
00000001010000000001000000100000001100000110000000011000000101100000000100110000011000000010001011010
00001000001011101000000000100011000000000000000010010000100010000000000110011100011010100000011010110
10011001000010001100001110100101001000110000000010001001100000100001010000000001000011010000001001000
00001010100101000110000010011000101010100011010010110010110000100000000000011000010000100000110000000
00000001010100010011110001010000101001001001010100010000101001001001010000001100000000000000000101110
01000101000001011010000100001101011101110000000000000001001010000010001100001001000010100000000100000
10000000001011101000000010000110000000000000000011000001001100000010000100011000000011010000000000010
10011100010110010111100100001010011010010000100101001101010000100000010001100000100100000001111100000
01001100000000010000000000000000000011000001001000100110010000011111000000100100001010100001000000011
00000101010100110001010100100000000001000101010000010111111010000011001101000110010000000010000110010
01100001001000100101001010000100111000010101110000010100000001000000010001011000001010101010100110000
01010000100000001110000100001010100001110010100010000110100101000000110100001001001100000010110000000
10100001000000100011000100000000010000001010000000000010000010001001101000000010010000010000100011001
00110100100000001100000110010101010101100000000001000000000000001001101100011000000100010011001011101
01001101010000101001110000001100101100001100011000010010000101101100001100110010000011011010100000100
10000000010000101000110100110001010100000100100010010000010111000000000000010000101101001000000001100
00001100000010010010100110101110000000110010000000111011010101011111000100110111000110000000000101110
01001010001100001100011000100101000000001000010101000010001001000000000100000100000000001111110110000
10101100110000000011110011100101101000100001101111011000000000000100010100010011011010001010110000100
11011010000000000100001000101001000100110000101000001000000001101010111101100000100001010000000000000
01000000010110000011010000001101000110100100111000110010001010000010000110100010011001000000000000000
00100111100100010100100111001100001000010001100100001000100001001010000001110000001001100000111101011
10101000000000011001001001000000000001100110000001000110011011100100100000000000011000101000000000000
10000001110000111010000100000100000100000000110010001000001010101000010010000011101001100001101011000
01011011000000010011000001010101010000101000000001000000000101000001011100000000000000000110000010000
00001100100110110000001100000000001001100001010010000101110100000001001000101010100111001000000001011
01000000010010000011011000010110001000110000000001010100100110000000000110000000000010101110110111100
01000010000000100101000000010100001001010000001000011001110001100100111000000000000100000110010000011
00000000000100011000000110110010000000000001001000100100000101010111000100100100011010110000000000010
00100100010001011001001000000000011000000000000100011000000110100010100100111101100000010110010000000
00010010001000000010110100110100000100100100110001100100101011010000011010000100101000110100000000000
01000000000010000001100010001011000010001100100011000010001000000110010001100101000000011010100111010
10000000000000011010000001010001000011000001010000000000010100110101111010100000100001000010101001000
10000010100010000010000010010111000001100000110100000001000010010000101000010000000110101000011000000
00100010001010011000000101001000001010000110100010110110101000101000000100000010000001000100110110000
11000001101011100001010101000001001101000000000110100010001111010000001010010000110010100100000000000
01011000000000000100010001001000000011000000011001000101000101011110000000011000001011100010110110100
01000100000010000001100100010000000110000010110101001011101000001011011100001000000110001011101000010
01110011000000000100000000000001000101011000010100000000011110101000010000110000101001010001000010000
10000010010001000100011110100100010011101010000100100100100000001010111110001011010000000110101000100
11000000000000000011001010000001100000010011000100000000000000000010011000011010001000000000011011000
00000010010000001000001100001000000000000001000100100111001000000000000100000100000000100000000001010
10111001101110000101111010100100010000000010010010000100110101001011100100100100001000100011000000000
00000100000010100000010100100000101001000101000000101000100000001000000010101100000000010000001011110
00110001000100101001000111000001110000101001010001010000001000100100001000001100010000010000010100000
00000000010000100000000001000010110000100000110100100000001000001010000000000110010001001001111010011
01000000000011111001010000000101001001000110000001100010111000000000000110100100100000000000101000001
00001000000100000000011101001100100010010100000100000001000101000110110000100000110110011011001010001
00000001000001000000110000000000000000110010100000000000111010001100000100011100000000000010100001100
00010010010010110000000001101000110100001000010101111100001101010010000101100000001000001100111111000
11000001010000011010000000010100100000010001010010010010000100111000100010010000000110010010100011010
00100000010000100010010001011000001001010001000000011000100010100000000011000000000100010000000000100
00010000001100010011010010000000010001110100001001001000010001100000010010010000010100001010011010100
00000010010100000000001110000101010001100001101000010110010110101110110000100100011000100000100110000
11100000000101000110100100001000100000011100110000100001100011000000000000001001011110001000000010110
00110000001100001101010110000001110000001001001001000001100100000010011110000010000100000110001001000
00001000100100010000000000000000000010010000000000011000001100010110000010101000000000111001001000010
11100000101001111001100011010100000010011101110000000101010000001100001001001001001000000000000010010
01000010001010001010000011000000000100010000010101000000111000101110001010000010101101000100111000001
00000000010000101001100000100010010011100001000000001101101001100110010100011001000000000000000000000
00000000101101000000101000000011011110000111001010000101000000100000010000000101100000111000101100111
00000000000000101000000000100000010001100000101000011001010100000001001000000001101000011000000100100
00101000000110001001000000000011000101000000010000000100000001000000101100000010100100010100101001000
01010101000001010100010000001001010010100000011010100000000111101110100100110010000100000000000010000
01001001001001100100000000001010101000000010001101010000000000110000000011011000000010010001110001000
10000110010000000011100001000100000001001111111000011000000000010000000000001111000010000010000001000
00100001000100000000000000001000100000110001000010001000001000001111001000010001010100001000000000111
10010001100000100011100010100100000001111001010100000001010100000110000000000100011001000000001000000
00000100010110000000010000100100000101000101010101000010111010101000101000101001000000010000011101000
00001001001000100100110010001101000010101000000000001010000011000001100001010000001100010100000000011
01110000001001000100000010111100110000000010000000110100001100000000101010001000000000001001101100000
10001001100100000010000000100101000001001000101111000100010001001010101000011001000100101000000100001
00110001101011000000001100100011000100110000010010001011110000001000000000000111000010000000001101001
00000000000001100010000011000000001000000000010000101010101000000000100010010000001110100010100001100
01011100101000100101001000001100000000100101010000001010000011110011010101000001010000101101001000001
00100000100000101101010011000000001000000011000101100010000000011010000010000001000000000100100001001
01000000101100000100001000000000010010000100000000010000000110000001001000001010000000000010001100100
10000001101000110010100001010010001011000111000000010000001000010011010101010010001110000101000000010
11000100000000001000000011100110000000010010110000100101101010000100100110100101010001100100011010000
00011111001000011000100000001100000000100011000001001010010001001011010000000000011111100111110100000
11010001011101010100010000001000100001001010000010110000011001010100100100000000001010100011000000001
01000100000011101000101000000001010110100001010111110010001010000010111000101011110010000000100100100
01000010010010000000110001000000000000011010001100000000100001001010000010001000000010000000010001101
00000000001011000000101110000000011010010101011001000100101011000000101000111000001010001110000000000
10000000001100100001000010101000101001100010000000000010011101000011001000100001000000000000100000100
0000111110000110000010001100011000000001000101101010000000010001000010100000000111011010000001100000G
