S0001100000100001100001000000000000101011000000010000101111000011010000001101000000000100000110010000
00100100100000001001001100001101101100011000000100001001000110100010000100000000110000001000010101000
10000000000000000001000010000110000000100100011000001000001000000101011010000011010110100010000010101
10011000101000001010110100101001100000000101010110010001000110010100000010100010001000000001110000010
01100000010001000000000011001000001100000000010101101001001000101010010100000100000000000100000000100
00011011101000001101000001000011011001000101110010011110000010010100101010001010100011010011000000000
00100000010010001010101011010100010010000000111000010000010100100100011010001000001001101000011110100
00001000001001000100000001010101101010000000100001101100001011100101000000010011011010000101001100001
00000001001000010001000100100000011101001010000011010000001010101000000010101000110100010110001000100
01100101011000001100010000011111000000010001100101011001001000011000011110000000011100101001011010101
00101010000100100010001000000010100100101000000100000100100010000000010000101000000011000000000001100
10110000010000010011000101001111100000011010100000010000100010000001100010110000000101110010000100000
11110000010110111000001100000100001000100011010110001010000011100101100010000000000000110001000001000
00010001100000000101010000000001101000100100011000110100001001000010100001101011100011010100001000100
01001110010100000110010001001000100100100000011001111000110100100010011000110100010000100011001010111
01101100000000000100010010001000000001000011010100001000000000100101001000011100000000011100111001000
00100000101001010000100101000101010110100001100001000101001100000011001001001000110001000110101010000
00010101010100011100000000010110011000011000011010011010110010001100000000111001100001010100000001000
10000000000001000001100000000000000101000101000101000000011011000000010000000010100010101100001100100
00001000100010000010000000010000100100111100110010101011000011010100000000001000010010100011100100100
01100001010000100110000001101110000010000000000010110000011011000000010110001010000001011010000110111
11001000000001010100110010010010000011001010000000000101001001100010001000000000000010101000001101000
11000001000010100000100001011100000010001000001001000001000100010000000000000000000001010000100010000
00001000000000000011010011100010000000000000110000110010000111000000010010000000000100000000000000000
00000001101000100010010100010010000001111001000100100110010000000001101000000000010010000000000001011
00110111000100001100000000000100010011100000000110000110010010001001011000001010100110001111000110010
01001000010011010010101000100100010100011001001000100000100000001000011000011000011110000000010001011
10110010000000001001110101001000000111100110100110000000111010001000101000001000011001001010001111010
00000001001100000000000101101101010000001101001001101000000100111000101000100000101100000010000110100
11110001000111000101100110110001100011001011001001011011000101010100000101010100001001000000100011000
00010101000000000001001110000010010101001000000001100100101001000010011101110000010011100011101100000
00001100000010100001000100101010010000110101100100101000000110110000000000010010111100001001100000101
00000010010000100110101000000001000000000001000000111000100000110000000000001000000011000101000000100
01010001100000000000000110010010101111110100110111011100000000100000100100100100010000000001101110001
01100001110000010000010000000000010100001000010000000111010000000001010100000001010000000000001000000
01010001001001111101110100000000101001011001001010000000101011100110010001001000000000101100000011011
00000000011000000000000011000110001011111100011110101110010001000000000000110110100000001010100010100
01011000000001000100000000000011000000000000001000100000000100010101110100000100100101100010000000111
11000001011000000000001100010011100000010000001110100000000010100000011000000001000001100000110001000
00111000010000110010110001100001101100001000000000000010010000011000010000010000100000000100100101111
00000010001010000110010000011001001011001011001101011100011000000101101011001000001010000100100000000
00101010000000010001010000010000010000010001000011000011100000010000101000010000001000011001010101000
01101000100111010100010001111110001110100010100100010100001101010100001000011111110000000100100010001
01000000111010001000001011000000000010000000100100000100000000000100000000010100000000001010001000010
00001010010100010000101001001110101010101000100000011000000101001011000010000000011001010000101010001
10000101100000000000000001000001000100110000000000101010000010100110000000001101000110000000000111000
10100101000000000001001000000010001000001101010110101000011011010101010001011000001000000000010100000
01010111110110000100010000000010101101001010000010010000000001000000000001001011000000100100000100010
01010000010000100100010000000100000000011100000100000101001010001110011010010100000010001011000100011
00001010110101010000001100100011000000000000000010011100100010000100010011100101110001010100100000001
01101001101000011101010100000001100100100001000100000000001000001100000100000101101011001000000010101
10010010000000001010000010011000000000011001001110000111001110110010010010100000001000011000010100000
10000010100100000110110011000001000100100100000101100000001100011100100010010000010000001000000100001
00000010011000000001110000000000011000110001100110010001000000000001101000011101100000101101010010000
01001000100010000010000110100111100101010010101011000010000000101100000001000100100000100011010010100
00000110110000001000010110000100000001010101000001110000001000110100001000100000000100100100101000000
11000110010000000110000100100101011001001001010000001000010000011010000000000010000000010000011000000
10000100001000001000100110100000110000111000110000001001100100001101000000100100010000000010010001011
10100100000000100001101000000010111100000001110000100111001110000010100110101011000010010010100000010
01110110111110001100001011001000000000101000000000010100000000010000000100010110000000110001001000010
10001000010000000110010000000010000000010100101001110000010110010111001110000100100110001100000001011
10100001001000000000001001000001010010010000010000000000011101001011000000010100000000001110101000000
10101100000011000001010001001001010111101000100010101001100100010010000000100000000000010001010101000
00011000001001000000010001000110100010011000000100000010001000000010001110101100100000000110100000000
10010101001100110000101000000000100100000010001101110010000110101000100011010001010011010010011100001
00010010110001001100110000011100001100010000000001110100001000101010000000010010011110000100001101100
01001011001100010101001011101001011000001001001011000011000100100000011100001000100100100000000000000
00111010010000101011000001100111100110000010100010100110101000000010000000010101001110100110010011000
10100000011000000000000000010010001101001000000001010011010100000100000000000010110000101010010000010
10000100100001001000001010001001100011001000010101000100010000000000010011000000100010000100100001010
10010000111001000100001001010010101011011000010000010010001000010100001110010010010101000001100100100
00001110010001000101110101010001001000001110000000100001000000010001000001111111100010000110001110111
00000010010000001000001000100000011010110100001010101000000001110101010000010000010011011010010000000
01011000100001010000000000000010101010000010001000110010100110001000010000101100101100000110100010001
00101010000001010010001000000110100000000100000100111000010010000001000000001000011010000101000000001
00000001000000000100101000001001000000100100000100000000000011010100000100100100000000100010010010000
11001111000001110000000010000101000001000111100000110111010001000010101000010000000110001010010100001
10010000010000000100000101011001010000010000001001010001110000010001000100000110110010000000100100100
10100000000001100010010101000100000111000001110000101001000011011101000000110101000000101010000000001
10110000000000110110100001011000001000000110110000010110111010000010010100000000000100010000011011000
00010110010100000011100110110110000000001010010010010000100000100101010000100001100110010000000100000
10001010010010101000000000100000000000000010011100000000001110100100001010010100000100000000001011000
10110000111010010010000011010010100000010001001010110000001000110001010000001110100010100010011101000
00000000101010010010101100111010001100100000010110000000000000000000110011111010100000101010000100001
00100100000000000001101010000001110000001100000000110100000010000000000110000001000000000010001000100
10001001010000101000010000100100000010001001001010000000001000000000000001000001000011010001010000010
10000001010000000000011111001010100110000101100011000001100010001011111001101101001000000010000100100
10001000000010110001100111100000101100010011000100000010011000000010010000000001100100000000111000110
01000111100010001000000000001001000010100001010001100001000100110000100000001010100000000011101010000
00000001000000001100010010111001010000000010000000001101010100100100001000001011100010000100010000000
10100100000010001001000111000000101000001011100000000111000100001001100010000100010000001000000100001
11101111000110100011000001111101010010001000111110100000111011010100100000000001011100100000010000100
00100001101000001110000011001100110000101111011000011110001000000101111000001101100000100100011001000
01000110100001001110100010100000100000000000001101001100010101001110001000101001000101011000000000110
01101010100000110000000101110011000001000001111100110001100000001000000010111000000000000000001010000
00100010001100000110001000000000001000010010100010001101001100010000110001001000001001010000000110110
10000010000001000000000010000101001010000100000000110001110100000101010001110010000100000100000000100
00001101101100110110010000011000101000000101010001110001001100010100101000001000100010001100011000001
01000001000000101101101000100100100000000100001110000100111000110100111001100100010100010000000100010
11011100001100000000010000010000100010111001010100000100000000001100101100000001001000011000001000100
0000010010000010110001011000000100001011000000001101110000000100000010000001010100001000100011011110G
