S0100101000111010001110100000001001000000010010010000010010001101100010000010110010010010000100100101
00001110000100010000000101010101010100000001000000000100000001010010100010011000010001001000110001010
10001110001100010000110000101010010000110011000001001100100001000011001000001010011011000101000100010
10000001000100100100000011001100010001011000100000100011100000000000100100000000010101010010100000000
00000100100000000110000000000110100000101101001001001011001001010011011010111000100001100010000000010
00001101000100101100011100001011010101101000000000100110111100000001000001000011000101010100001001010
10001010010000000011000000100001000111000001110101000001001100000000001001001010001000000010010000010
01000000000000001100010000101000110100000000001001011110000001010000000101100101000000001000100010010
01000100010001100000010110000110010001000100000001000110100110111000000010001010001110011000000000011
00100011000000101000100011111100100000000010001100000101000001100001100010111000100000110000110000000
00100101001000001000100000000000011000000000000100100011001101100100100001001001101000110000010000001
00100000000000000010100001110000010111101101010000001000110000110001111011001001010101010001010110100
00010001100110110000001110000010000001100101011000000001101010000010000000110000000000101000010010011
00000000000100000010100100000011000010000000011100010010100000110000100011001101000100000100100011110
00000011000001000101000010010101001000000000000110000011000000100000010001101010101000000011000011101
01100110010001000101010101101000011000000000101000010000000110010010010000000110000001001001100100011
01000000011010010110010100001100000100001000101011000000010000010101000000000100011000000010001000000
10111010110000011110000000001100010100000000010000101010010100011101000101011001000100000000100000101
00000010000001010000000000001001011010101111100110010111011010000011010010001000000000101011110000010
00000101100000000000000100101100100100010001000001011100100001011010101011010101110000000000110001101
00001000001011100000000000110001100000001001100001011001000001100100000000111001000000001011000100110
00101010001100000010101010010000000000001110000000000000011100010011000010000110100001011010101010000
10110101011000010001010001100001010101001000110001100000000010110110000000001001000101111010011000100
00101001000011000010000011001000000000101000100101000000100000001010010100000000011000000000101000000
10100000111100000011010000000011000111000110000000010000010000100000011010100000010000010101000010110
10000000100010001000001011100010100001000011101010110100000000100010010001110001100100000000010000000
10010000010101100000100001011001010001000001000010001011001000010001010000011010010010000001010000100
00000001000001110011000001011000000101100111000011101100010100000001001100100011000101000000000000100
00010011100110000000000011100010110000000100000011000010000010101101100010000001110001100000000000010
00100100001110100101011100100010011101000010101000100010100100010100001000000000111111000100001000110
10100000010001010100010001000010000100000000000001000000000000011100001000100101000110100010011101010
00000000010101101000010011000110110000110000010110001000000011000100101001011101000001010000010011000
01001101000010100100000011011010111000101001000101000000010100000000100100011000100111001010000001000
00100010000110000000100111000010001000010001000111000010100000001000100011001100101100101000000110000
00000001101110010000110100010010100010000000110001100100000100000010001010100000000001000010000101001
10000011100001001110000000010100101010000101000000100101011001101000001000000010101010101100100011001
01000010010110101101010010100100010001010010000110001000101010001000000010100000000000100000000010000
00100000000100001100000100000000010101000010100000000000000100010001000100000001000111001010000000110
10101000000101100110010100010101010001100000000010100010000000100001010010001110000000000000000010010
10110000000000000001010010000100000000000100100010111000110000010000001000100000000000001000001000000
01010001000000100001001100001000000110110001011000000000110000100000001101001110010000001000001110101
00000010101100000001111000011110011100100000000110110101000000000100100000000110010010111000100100100
00001000111110010010010011100100100000100010111010001011100001000000010000011001010000100110100000010
01111100010000010011100001000010000001100000000111000100100000011000001100011000101100110010110010001
00100010000110001101000000110110000100001111101010001000000001000100011001010001011000100110000000000
01011000000000011000000000000010001100000011110010000100110100011010000100001001000001001010110011100
00101000011010000010100000001110001000000110100100001100000000001110100010110000000110010000000001100
00001000110000110000001010001000001000001010000100000000001110000000000011101000000000001010011000001
00111100011000110000111100110000010000010011000000000001000111011110111110001000100010000110010100010
10100010111011100100110000101111000000100001000100001000101001000001000110000000000100000010001001100
00000110000000000000000100100000110100000100000010101001001000011000100100000111010000011010010010100
11100000000011010111100001000001001000001100010101011000000001000001111000000100000100110100000001000
11001011001000010100000001010000000001100010000010100110001111100000000000100110001100100000001001000
01000010100000100000000000000000111010000000100110000000100000100001001000110010110001010000000101010
00010001100011000100000010001110101001100011110111001000000100010010011001001001001010001110001010000
00001100000001011110000110100001010000001111001000010010001000110011010000000000000110100001100010000
00000111010100101001011000001001101000101000110000001011100001000000111000101100110000000110010110000
00000000000000011000000100000000011000100000010000000000000000101001000000100100010010010001100100110
11111000101111100110000100001000010010101001011010100000100000011010100010100000100011000010110011000
10100000001100000001000001000100000000000000010001010000000100101101000100100001000100001100001010010
00000010001101100001011000100000110011110001101000100100101001001010010001000000000110010100100000000
00010010010010000010100000101100010010101001100000010000000101100110101000010100011010100010100101001
01100000100100001011000010010100000010110010000000000010000010001010000100001000100010000000100000001
00100100001100000010000001101010000001001110000000100010110000010100000010010010000000100000000101001
00100000110010001100110000000110010001000000100110011011111010100100111100011100100000100010011110110
01001110010001010110001100101001000000111010001000110000000000000110000100100101001010010010111101101
00010000010001000010010010100001110100000111010000001010000011011100000010100000111000101010010101001
00000000010011110000000000001001101010010100101111000001110100010000000010001100000110000010010100010
10010110000001000101100000011101000101110000000000000001000000000001000111110011000000101010100000100
10001001000100001100001011101101010010000010000010000000100000010000011101011001010010000101000100011
10100010100000000001001000010100100000100000100101000000001101000001000100000110011000011001010010100
00010010000010000001000011010101010101100001111000100100011110111100101000000110000000010010110000010
10001100100100001000010001001010010000000111000000110000000010100011010011010000000010000010000010010
10010110100010010010111101000011010100100000101000010110000110001000000101001000111010110100110000100
01010100100110000010010000000000010101100000100000000010010000001000100010001100011010010011000000000
11010101010001010001000001100001000001000100010000010000000000100000111010001010010101000101000001000
00000100000000000100000010110001100100000001100010001100011010000000000010101100000000000110001010010
00101101001100000000001100000101011010000001011110111000100000000010000001010110000110101101000111001
10000001111001010000000111001100000000010000110100010000001110001010000100100110101100000010011111001
01000011010000010001010000010101100000001000001000011001010000001100000100100010100000000001001010000
00100110000100101000001101011001001010100001000010110000010100010101110001000000100000000001000001000
01111100010010111011000000001001011100011011000010000001000001010010100001000011010011011010011100101
00001010010100100000010000100100100100001010110000000000001011011000101100001000011001000010000100100
00100100100000100010100110010011001001001101101010000000010110101101000010000001101000010000001000000
00101000010001010010000001000010010100010010010000000000001100101000001000110110100100000000010000100
10001100000000011100000010011000010011010000000110001000001000101110000010000000000111110000100000010
00001100010000001100000000010100000101100000100100010001000000001101001110001100111100010100110010100
00000000000001000001100100100100101101000000000011000000010001001010001010000000000000101011010000100
00010010011001110011001001010101010000001110010000101100001011010010000100000000010100000010010100000
00100100001000000001000010000001010001010011000100100011100010111100001101100010100010001000000000000
01001001001001000000011001001000011101010111011001010000001010000011110000010001001011111000110000100
10100000000001001010000111100001000100001000010100100111100001011010100101101000100000001001000010010
11100100001001000001001110000000010100100010010100011100110000100001000010101000000001011100000001000
00100000010010000100101000111001100100000010000100000010010000101000001000011001100101000011100000001
00100100011000100101011000010010000110110001000000000011100010100011000010000011011100001101010000000
00001001000000000011001100100100000101000100001010100100000001100000000010110000101000100000100000010
00001001110100000110011000110011010100100010010000010000110110010010000100011010110001010001000011011
00100110000110000100010000001100011000010001001101000100100110110000100010010000100110001010001010000
10100000001100000100000010000010100000011010010010000000000000001001000001001110001001001000000011010
00000001000000000100001100000010010000100010100000000001001011001100100001000010111110010000001110011
0000000100010001000001100000000010000001110100001001000100010010011110000001000100000111000001011000G
