S0001000000110001100000100101100000000001100110010000011101001000000010010101010001110110101000100111
00110100000100000100100000000000001000000000000010100010000100000000000000101010100001001100001100000
10000001001000000001000010111001001010010100100110000101110011100001001101000000100101101101000101000
00001100010101010000000000000001010111010110010000000000001001001000100100100000011101000011000000010
10011000000100000000000000000000101001001100010000001001100100000000110001000100000011010000000100000
00101011000100000000001000010100110110001000010000011001010011100101000010110000000011001001001110100
00001000000010011010100010011001010010100000000100000000010010011101001100000010000000000001000001000
00011000000111001110000110010000010010000001000000000000000100100101100000101000001011001000101001001
10000001100010100110100100100000000100001000010001000001110100011010000010101001011010001000001010000
01010100001011010000000000010000010010000110001001100101000001101000001000010010001110101000000000000
01001110100100000000000000100001000000010000100001100000000000100111100000001000110010100001000000001
00011001000000100110001010000010011001000100111010110000100010010010010000000010101111011010100100000
00001101011010110100100000010010001101110100001000000110000010100010010001011001010010010000010000000
11000100100001011010100100001000010010101000000110000110111011000000000001000011000000000010000000101
00010000011110100101100010000110100111100001100101010000000001000100010100100100100101000000010101110
01000001001101000000100101110110001000000000010010000110100000000000000000010001100000000110000100111
00000000011000000001001000000000101001000110100111010001011000000001011010000000100010000110001010001
00000000010010001000100000011100000000001011010000011000000100100100011000011000001000100000110000100
10101110011001000010110110010000100001000000000010010010010001100000100011100000111101000101100000000
00100000001000100010010001000110110100100000000000000110100000001000000100000000000100100010100100100
01001100011100010001010000100000100100000100000000000101101000010000010101100001000111100101000000000
00100000010000001010010010000011010000000000101000001000000011010000000100000111010010001100000010100
11010010000111100010001001000110000000110010110000000110000001000011010000011100110101000000111001110
10001000100001000010010101000000010011100001000000000000010000000110000010001000100000001010000000100
00001000101100001000100110000111100000101000000100000100011011000001100010000010010110110100000011001
00010100110010000100000001001110100000010000000001011000000000000100000001000000110100010100010000110
10001110101000000011000101100000000000001111010001101010000000100111000010000000110100000101010010111
00001000000010010100000010000010001000010100000110010010100110001101000000000000100100000001011101000
00101110101000110011001010001110011100011001000000000000000010011000000000000011101100100001101100000
00000010001110000100010000010101000101000010101010000000010010010010100010011001000010000000000010000
00010101000100010000000100000001000100000100000000110101100000000010000000001000000001100000111101000
11010001100100000001110000000101000010101100110100000000100010001100000100000000001100000000010000101
01010001111010101001010100100010000001011011010011010000000000100000100010100100111000000000100100010
00010011010010010101101010001100010011110000110100101000001000000000101001010001010010010010101000111
11101100111010100010011010111001000100100110010010010101100001000000000000010100001010000000000000010
00000100000010000000101100100101001100011100000101111100011010000011100111101000100000010010000000000
11101101110010100000100010010000000100011001010001010000101000010110011001000010000000100001110010001
00110010100000000100010001101010001010001001001001000000101000001000110110011110100001000001100000000
00000110000100000001100100000001010111010100110100010100001110100001010010000000000001010010110100110
10001101011110000110010000101010000001000000100110000010000000110011000000010100101110000000000111110
00000000110011010010000100000100010000000000001100000101001000000100100000000000110010001000110000000
11000000001100000110011111111100011000001000001111011010000010100000100001011101000111000011000000000
00000110001000000101010000010100000000001010000010000001001000010001000100001010101100001010000001100
01010100010001000000100001100101000010010011110001010001010010100100011000110000110001111100000000100
10010110000100000001010010101000000000001000010010101001000000001010010000100001110010010000010110011
00000010000011101100001101011001000110010011010010101001001001100000000100000001000011000001000100001
10000101000000010100000010000000000001000010000100000000010000001000000110110000001110000001110101000
00000000001110100000000011010000001000010001001100001000011001100100000011001000000100010000000100000
00000100010010110010001000011011000100100110001010001001000000011000000100100010000000010011100010000
00110000110100010010000010010001101001000101000000010010001010100101001000000000000011011001101100100
01000010010010000000010000001001010000011000100110001001010111011100001000110100010111001000011111011
00010000000011000000100000011100001110000100100001101010101001100101001000011010011011111100000010100
11000100000000000000110000100100000000010101000010011100100000000100100001100010000000001001100001000
00000001000110100000010100010001000000000100000000010001011000100010000101011101000000001000000000100
00000010100011000001100110100000000000001010011000010001010110000100000000000000010010000000001100000
00000111010001001000010000000100111001010000100000100010001101000001010001101100000001110000100011110
11110000101000000011101010011000010001000100010001010010111000010101010100000011010101010100001000101
00100100110100000001100100001011100000010001001010000000010100100000001000100000010000000000010000000
10101000010101000000110000010110001101000000000000010000000110010001111000100000010000000000000110010
11001010000000101000000000000000000001110000000100100100000100000110100000000100000110100001001001000
01100000101001010000110001000001100000010000000000001001000101010010000000001010000000010000100001001
10000100110000001010100000111000010001000000000001110001110000000100010010000000000000100000011110000
10111000101010000000011010101000001000001001010001010000010000010001000000001010000010011001010000000
01101000010111000001000101110000000010110010011101100100101100101000010000000100101100001000001010000
00000000001110100001000100000110000110000000000000000000010000100011000110000010100101001010100000101
01000101000010000110001101000000000110000100000010000001101111000010100101100000000011010001000000000
00001000011010101000100010101100001011000000100010111010111000000101000111000000100000000110000110010
10101100101100000001110010000000000001110100000110010010000011100011010010001001000000000001000101100
00010001000010101000110100010110010100010001000000110011000100111001000001000000011100000100000101100
01101000101011100000100110010100100110000101110010000001001001101100111000011000100001010001000011010
10011001000010011101010110000001011101000000001001100101010000001010000100000010110010000000000000011
01101101100000101010101000010000001011010000100010010100000011000100010100000111000000000100001010000
00001101011110000001001100110011000001100000111101000010000011000000100100000000101100000000011100010
01100000110000000000101100010100000110110101101000101010010000000100010000001000000010100111001010000
11010010010100100100000100000011100000100100001000000000010100100000000100001100101101001011100000111
10000101100000010000000000000010100000000010100111000010000110001110111011100101001100011001001000000
10011100100000000000000011000100010010110100110100000000000000001001010100000000000000100010010110101
10000100100101000010110001101110101010000000100100001000000000000010000011100010100000100001000011000
01000000010000000001011000011001001000000010010000010000011000010011000110001010100100101110001000101
00001001111000000000101010000001000101001010100000001000100101100010000001000000000000101010100110001
01101001000010000100001001001010100000100001101011101000011000000010001000000000001000000001000000010
01000110010111001000000000000101010010111011011001000000011100100110101011110000100000000101000010000
00000000100000100101000001100000100100011000010011001001000011000000010000100100111001001010011001000
00101010010010000110010100010011011010001001001001011100000001100000000000000000000100100010000000000
00100001001001001011000000010001010000000000011000000010011001000100000000010000001010100000101000110
10000100100000000000000000000100000010000000010010010111000001010010000000100001000101000100111010000
01011101100001001110011000001101100000111110111000010000101010000010001011000101010010110111110100000
00000001100000100101001110010011000110000010000000010000010000011000010000010011101100100000001010111
11001010011100010100110111000001100001010000000000000001010000000100101101100000000001000000001001000
00000111000010110010000110000000100000000001101000101001100100000000110001000100100100001000001011000
00000100110100000010000010111000011000010101100101000000100010011101000000010000001000100001100000100
00000001001000001010110000000010010010000001100000110000000100101110000001100110010001001000010010011
10100001100000011000010100010000100000000100111011000000000000000000000110010000001000100100000001010
01010110010100100000100010000010000000011110010000100100000101100000010010001000000001101010011001010
00001000001101001100000000110110001100100010000000000011010000101001100001000000011010010000000000000
00000000000011001010010010000011111010010101000111011100001110100000000010110101110000110010000000001
00000000000000111000000010010011010100001010001000010100100010011110110001000001000010100000100010010
00000000000000100000111000100000110000011010100101010010100000110000000000000100001000010000100001000
00000000000000100110100100000001001000010010000000100001101101001100000100011000010111000000001000101
00000000000000010010000000000101010011000001100011000000010011000100000010100011100000100100011010110
0000000000000001000110010000010001000000000111100010000000000100000000000100000000110000010101000000G
