S0100100000110000000010000110110000000001011010011010010000110001001000100000010100011001000000000100
00001010011111100100000010000000100011010000100010100010001010001010011010010001010001000100001001001
00000010100000110110001001000000001010000000111000001101110000110101000000100111010000000000101011110
10010110010000000110001011001000110000100110000000000100000101011100000001010101001001101100000010000
00000101010000000000010000010101110010010010001100011000011001110011000100010011000000101001000100000
00010000010000000110001000110000000010010001110010000000100101000110000000000001010000000000010001010
10000000100100001010010000100110000010100101100000000100010000000101100100011001101000101000010000000
10100000101001011000000100010010100000000110100000101000001000000011000001000000010010000100000001000
10001110101010000000000011110011110110101000001000000001100101100000010100100000001111000010100000001
10011000000000001000100001001000000001000011011011100100000000100110000000000001010110000001000001001
00100010010110100100010000010000000100000101101001100010000010101000010000100011101000000000000000000
00100000000000000000101100000000100010010000011000001000111010010100010001010010010000011000000010010
00000011000100010000011101010101000100010011000110000001000111100000010010000000100000010100000001000
10100001010000001110000000100100110101001101000001000000100101111110000100000000010010000100000100001
00001010000000101000000000001000000111001100000100000011000001000101001000101000010010001110000000100
00001011001011000100000010000100011100000000101100010001010100000010001001000000000000101010110000100
10000000100110000000101001101000010000000000010000010100000010001100000010000010000011100010111100111
10101100101010100100110101000000100100000011100000100000000010010000000000000110100000000001000000100
00100000000101000010000110010010000001010001100000010100001001000000110000001000101000010100000000101
01000010010010010000100001101001001000000000001000100110000000000100001000000101010011111001111111010
11000001000000010110100000000000100010100000000010110000110000000001010000010100110000000000001010100
10000110100000100100001101010100010100000001100000100000100000100001010000100001011001000001000011010
10100010010001000010001011001000100111001100011100001110100010000000000001010101100000000010011100000
01110100000000000010100100110010000000000000001001000000000000000101000001001000011000011001100010100
00110101010000101000000011000000100000000010000001000101101100010000000010000100000000110000000000000
00001000000010110010110110000000010000000100100100100101101000000001000010000100010010010000000111000
00000010010001001011001010000001010000100001010001000000000000000000001011001010000000000001000010110
10100010001100010000010000100001010100000000000110000001110011000110011000110000100000000010010000000
00010101000100100010001000001000000001010000100110110000101100010000100100001000000001000000000110001
00010000001100001000000000100000110000000011011101100000101100010000101100100010001100000010100000100
00010011001000000101000000011111001011011000110100000000010000010000101010101010100001010000011100001
01010000001100000010100000001100000010000000110000000100101101110000100100010100010100001000010011001
00000001000010000000000110101001001101000100000110010100100000000110100010011000010101000010001010010
01000000001010101011100101010001001000111000100110101000100000000010001011000100100100000011000000100
10010100011100101001000000010001001000000100010000001110000010001000000101101100010101010000000000010
00000001000000100010000100100100001000010010110000001000001010000011100001000001010000000000101100000
00001111100000110110000000010011100110001101000001000001000001001100011100001001001101000000010010001
01000001000011110010000010011000110100000001011110000100100000100011000000000000010011001101110100101
01000000111010000001001101001001000000010100010100101010000001010111001000000110110100000101000110000
00000010000100001101001000001000001000000100000101000100001000101000001000000000100001110100000011001
10011001100101000000000000110010111001000000010001110001000011000110100000000100010100000000110011001
10001110000110001110000011001000000100010100011100010010010001101010000110110000000000000100000000000
00000101001000000001000100000010001011001101011000001011011000000000011110000011110000000010000101000
00000000001001011010001010000101000100000001001000100000101001000110001000011100011001011001001010001
00110101100010000000110001000101010010000000100010001000000000100010100000110110100000000000011001000
10000100000000001000110010000100001101110101010100010000000001001010000100100000000100111010001110000
00110000000010000001000011010011100000000100000011010001000010100001000101001100101001100100100101001
00000100000100000010100110010000000000000110000000000010000111000010101010000101001010000000000001010
01011111001101000010000010000000000001001011101010001010100010010010100100111101100000010000001010100
11001001100100110100010100010000100000000000010000000001000000010011110010000000111000110000100111011
01000001001000001000110000010000000110000011000000110010010000010110000011000000011111000010011100110
00110011010000001100000111100001100000000010010000000011010000010000000100000001100010100000000000000
01010101000101010101000011100010000000100000101001001001001010100001001001010000000000010100000000010
00110010000100100001010000001001000010000000001010101101000000100000100010010001010000001011101000100
11100000100000010100001100100100001110110101000011100010010001010001100010001000001010010011000000101
00011001100100011000000010101000000111010000100001000111000000100111011000000110010010110001000001000
00000000010000000001000000010000011001100100100001010000111010110011010000001000011000100011010000001
01000100100001011000010100000110001001001010101110000110000110000000000001000000100100001010000100000
00000010001000010100010000011001100001010101010100101000000000100110000101000011000001001010110101000
00010111001010010000000001011000010000001001001101100101000100000000000110110010000000010000000000010
11000000000000101001000000100001011000010100001010010010000000000100100100001001001001100010000000110
01010111000110000110100001111001000000100010000100010000001010001010000010110001111000000000100011000
00000111000000100000010000010000000000011001010010000000000110100010010000100000101010000010010100101
10010000000011100100110001000010000010001110100000000010010001001100010001000100000000010100010000001
00000101010000110100000101010001100111100000100000110000001010000001000011110011000001001000111001101
11010001000000101000100010010100110000011000010010000000000110010010101001011101010000101000100010001
00101100000100000101100011001111001000010110100010001000010010000010001100001000101101000000110000011
00000100001010001000111001000000001110001000010010010001010101000110000000001110001001001000000100010
10000101000100000000000010101100110000000000001100000001001010000000001000000001010110001110100100000
01001110000000000010101000001000010000010000100000000010001000000001000010100000001000110110101110100
00110011101010100100001001000101101010010000000000010101000100000000010001000001100010100010010100011
01100000000010100000000110011100011001000001010000010000100101100000101001000100011100100001101000101
01011100000100100000000100100000010110000100110100000000000110001010100001000001000000010010001001000
01001100100001001001001110110000010000111000110000000010110001101000000010011000100100001100001100000
01110100010100011000111001000000000001000001001100001100101010001010101001000000000100000110001010101
01000000111001011010110010110001110000101001001101100010000000100001000011001000000001000010101000110
10100001101011010000100011000000000010000010010100001110000000010000010110001011001111000001110000000
00110000000001000100101110100000000010000000100000111010001000110000000000101000000001100000100110000
00101010000100000100100100000000000010101010000100100001011110001100110000000111010000000001000111001
10010000100000110000000100010000100010001010010100000010000100011001000101011100001100000011001000000
00001000100001001001000001000000101000100100010010000000001101011011010001000000010000001000011010010
10010100000100001100000001000000100110001000001000000110010000000010001010110000001100101101110000000
10011000110001100000000100010001000110110111000000100000000010010100001110000001000100001100111110000
00000000000000000000010101000000000000001001000100010000001010010101101011010010010100011001000010100
00000111010010110001010100010011010000000000101101000100101000011000100000100101111110111010100000110
00001001001010100000101000011010000001101010000001110000010000001000000011000100000000000000010000000
01000011101000100110110001000000101101000001111000000101101010011000010001101000010001010100000000000
01010000011110000000101100010000011000110001000000000011100010000000110011000011001000001100101101110
10011100100001000001001111110000100101001001100100000000110001010001000001000101011100001000011011000
10001001000100000001010000100000101000000110010001010000010000000010010010110011000001100000110100010
01000010110000000000010010100111000010010010010000001000000100000001100010100001000010010001000001000
00001001100101100010100010001110001100000110000101000100000110010010001011000011000100000000100001001
10000011000000010000100010111000000100000001010001000111100000000000001110000000000000111110110100110
10001010011000000000010100100100101100000000000001001000001000011000100000100000111001010000011000000
00100000000010000000101001010000010000100010000111010000000000010000000010000000011010000100110000100
10011010001001001010000100101000000011010000000000000100000010010001000000000101110010100000000000100
10011010000110000000111000000000100100000001000010010000000000100111000000100011001110111000000001000
10001001011100001011100100000000101001000010000000000110101100110101100010010110000000000101100110000
10000010000010100011000000000011001000100000010001001000011110011001001000001100100001101011100011110
00000000101001100100010000000101001110001001000000101000000001101000010000001000110011100000000100000
0101000011010101000000000110010101010000010010100000101010011000101000000010100110000010000010010011G
