S0010001011010000000100000000000001001000001011100010010001001000000000010000000000000001000000000010
11000000000010000010001000110100010010011000010000010110100000000000000010001011000001000010100001110
00010001011000000000100010010010010100000110000001101000000000010100011011100000000010100010000000000
11000000001000000000101000000000010000101001000010000101000000010000010001100000011000000010110100000
01100000000000010110000110000110111010101011000011100010100100100001010000110000011000010000100010101
11001000001100000001011011100001011000000101010000001010000100011000010010010001000001000000000110110
01001000000110100001010110000100101100101101000100010100001001110010100010100100000000001100010100000
00000010101000110000000101001100000001100100010100000011010101001101001001000001110000000111000010010
01100000001010000001000001000110000010000000100001100011000100001001000101100000000100010100011110010
01001011000000100110010101001000000000010010100000000100110000001100010100000000100000010010110010100
00000000010010000000001001100001000111000000000010010010001001000001101001000000010010100000000000000
11001100100110000101000000000010000101101000010000001011000000100010111100001100010000100100100010101
00101011010001100001010000000001100000001110000010111010001000010001000100001010000100000010100000001
10100000001011000000000000000000011000010000100000000100000100010000101000010101010010010011011100010
00010000000101101001001000000001000110000010011000001001000100001100100000000010000000000001000000010
11010100000000000000100101101011000100010101100011101110000000100000001011000110000000000011000111010
10001000010110011101010001000001100000110000000000001000000001000000000010000001010000010000100100101
00110000000000001000110000010111001011110000000100000100001000000001101000000110110010000010100001001
00101001101001001001000101100000111001000001000000000000100001010001000100101101110001000011010101000
01010100000110001011000101000101110000101011000000100101000110010000000011010000000000000010110001000
00010001001100010001000001000100100100111000000001101110000001101000000111010001000110110100000000000
01100010011001010110101000110000011110001000011011000001110001001100000000011000000010110111010010001
10000000100100011111000000001111101000100010000000110000010001000000000001000010001000011000001000100
00001011000000000100010110011111010000010010010110000101010000001010010000100000001000100100101000001
00000110011110000000000001001000001100000000101010000011100101100100011011100000010000011001010100001
00001001100000100010100001010000110000100000011001000000100110101010010001100001101110010001010100001
00001011100111000110101000010000000111100000011000001010001101000000100001101001010011101001110000000
00100000110010011000000110110110001000001001010111000010000000001110101001000010100000100000010000001
11010101110000000001110010000001100000010000100000100100001000000000110001110010100100101000000000011
01001111001100010011010000110000000010000100000011110100001000100101000000000100010000100010000001010
01110010001011010100000010000011010001000100000101100000001101100111001101001000001110101000100100100
10000001010010010101000000001100111110100001001011010011100000100110000101000000100000000010011000101
01100001010010110010110000101000110000000001000100101100010000000010110000001001000010001101100000000
01000001100001111000010000010110100101001000010000010100000000000101001001110000000010000100000011001
00101101011100000000000000100001011001100001000111100001001000010010011001101001001000000000010010110
01111000101110011110100100000000000100000011000010000000001110000100101100010110000000110010010100010
10000110110001100010000000000000010001000001100110000000010000001111000110101001000001010010010111010
10100000101000011010000100001010000011000001000000010010010000010000001111100010000001010100000100100
11010100010000100000111000010000000000001101001000000001000010011001000000000010001001001101100000100
00000100111000010001010001100010100001000001000001011000000100000010001011110000110001000011011000001
01000010001000000001100100000100001001000010000111000010100010101011001011000010000000100011001000000
00000010100001100000101110101110100110010100000000101011001000010010000100101000111000000000000001000
01001000010000010001011001001000000010001001100010010000000101000001000111000101110100000010000001010
00110000100011001010000010110000101000001001011100000100000011001000000000000000000000000100000000000
00101111000011100000001001000001100001001100000101000111000000001000010000011111000000000110100000100
10101000000101000000010001100000010000110010001000010100001001100000110000100000000000011100001010100
00010101100000001010100000010001001010101000001000010000000001010010010000010101101000010010000010001
10101010010001100001000010010010101000000000000100101100110011101001000000110010010000011000100011000
00000000110001000010000000010100100011001010001011010100111010001001101001110001010000001101000000010
00000010011110000000000010000010111001000011000101111100100100010110000010001101101000011001001000010
00100010010001100000010000101100000000010110000000000011100001010010001100010000000010110000000111000
10100000110100000000001000000000010001000001101101011001101000011001011100011000010000000010111001001
00000001001000010100100101011000101010001000010011011100000011111000100010100001100011000000000111100
00010000101000101000000000100000110010000000010100101101000000010000000100000000010000000010000100000
10100100011001000000010010000010011001010010001000000000001110000000001000100000011001110010000000000
01100010001101110011001110000001001011111001000010011000011111101000110100000000001001000110100000010
00000000111001100010010000000001000100100110000000001000110000000110001010101000111000100101000011100
11001000010000000001000111000000100011010000001001001001000001010110001100010010010000000000100000010
01100010000011100101100010010001000110000010001100010010001000100010110001010000001001010001111111101
00010100000001000010010110000011000000001000100000100001010000000001010110100000100000111011000100110
00011000111010110010110001000000000011011010110000100100100101010100001000001010011101100110000001001
01100000100000011101000001000001111001100110110110001110011101001000010101100000000000101000010101000
00010011010010100010000010000000000100100011000100001100101000000000000111000110011011001000000101101
01000101010101000001101010110000000100010000110000010000100000000001010000011000000101000000000100000
00101001100000100010000000000110000011000100000010100010000000000000000000000110000101000110100100100
01000001001111011101101100001100110001000001100001010000100101110100010011000000100001000101010000110
00010111000110000011000000011100000100001000000110000000001000000001100000011111000100000110110000000
00000110000000000000110100100101110000000010000001100100001000001000001100000011001000000001010101001
00100011000100101001000000000010100001100001010001100011100000000010001101000010010000000101010010001
01101111001000101111001000010100010000001000111010100101101100010011001100100110101110010001001101010
00010000000001110010000001000100000001001100100000010001101011010100000001000001101000001011110010110
00010001010000001001100001011110110001100100010110000000000010100000000000101100010100001001001001000
10110010010000000000100000000010000010010010000001000001010000000110100100100110000010101001001010110
00000010010001010000011000110000000110101010000001110101000011000011010000011000000010000000001000100
10100000101101001001010010010100001000001100000010001100010000000001001010100000010000100110000100110
00100000110100000000100000110000001000101000000111010011000100001000000110100000000100001001001000000
11000000100001100011000000011010010000001011000000001101001110001010010100010001100000010000000000010
01000001110000000010011001110010100011010001010100100010100001000000110000101100000000000001101000101
10110000110001001000101000000011000000100110001001000000010001000000000000011000100001010011110011100
00100110001000100000000101000100001101010000011110000000000000000000001010110000010000101000000001110
00000000000010000000100011101110001110000000010001000001001110010011000010101111010000001001000011010
00011111001000000100000000000000010000100000000100011000000000110001010100100000000110110001001000100
00000101001101000000000100000011100000000001000000001100001100111011000010001000000100000011000100010
01100001001010100011010011110000000101000000100110000010000110001100101110010011010000000000001011011
00010101010000000001010000100000000100001100110100110000000101001100010101001010110001100000000000001
00001110000001000000000001110000001010010000001010000000101000000100001010000010000100000100100001000
10100100100001100011100100101001010000101111001001000100001010001011100100110001010011000001010010011
00001001101001001010100010000001001000000010000100110000000010010100010000001000101011101001001101000
00000001011011000010000100000000010100010101001000001011000011011000100100001001010000010110100001001
01001001000001100100001010000000001000000000000010010000000111000100000100110000000000000000101111010
00001110010000010010000010000100100000000001110001010100011101110000000000001010000100000000000010000
00100001010101001000000001001010111110000000011000000000010100100000000101110100100001000011100010010
01000100100111000110000001010100000000011001101000000000110110101100110101000011111010000010000000100
10010110010000000000000001100110000001000000100100000000011100001001100000000000100001100000010000010
00000010011010001000010000000100000101100100010011010110000000010010010000001001000010101110001100000
10010000100100000001000100011000000001010100010100001010000011001011010101000000101010000100010000000
01001010000011110101100110001000100101000011101100100000110000000010001100100010100010100101000000000
00110000100100000010001100100000010100111000001000000011000011110000010000010010001000001100000000000
00001101010110101001001111000000001000000100011100110000011110110000100011011000101000101010000000011
00000010100000110001000000010010000110000000000100100110100101001100001000110000010101010000011100001
0000000010000001100000001010010100010000000000100010110000000000101100000101011100010001000101001000G
