S0000001101000010000010101010001000001000001000010010100001011110000110010001101001000010001010001010
00000010010110011000100000010010000110000000000110001000001110000001000000110000011111100010110000000
11010000011011000000011010000010011011000000010101010000100100000100010001000000000001000000100011001
00001001000000100000010001000011101000001000110101011000001001000000010101000000000110001101000001000
11011000000001100110000000100000000010001000100001100010101100001100001110000001000100000100000010000
00100011000000000000110000100100000000000100000001001101001100000001111001010100000000000000001010000
00000000110001000010111000000000101010001100011001000110010001000001001010101011100010011100000000001
01100101100000000100000001110001010111011010100000100100100001001000000001100010010101011100101000011
00001011000100111100100101010010110001001000001100000100000000010000100000100010001101100100000101100
00001100010001000000110110111010010001100101000000000001000011011010010100110001001000100001010100000
10001100111000100000000000010001000100010000000001010010000011000000000010100101100010000011101000000
11000111000110001000000111100000001000000001010100001000010000100001010010000110110010001010000001011
00010000100000110100000000000001101000000000101100100000001010110110100000000001100100000000010000010
11010100010000011100010000000010010010000011110000110001001000111001110001000011001001001100001100011
00000000010000000101000011000011100001100000101110101100010111101100000010100000010100000011011101001
00111100010010100001111100110110001001100000110001000011010000000000000100001001001001000000000010000
00010010010000010011001010011000110001010010110100010001100010000110110000000010000000101000110000101
00000000000010001101010000101000000000000100001000010000000101100000100010011000010001001111011000000
00000010001000001000111011010101100000000111000011100010001101010100010001110011000011100000010101000
00001101010000000000000100100110000010010111001101001010001000000010000000000101000100100000101000000
00000101000000100010011100000100000010100001000001000110100000001001100110000000000010111101001010000
00011110100101000000100011100000000000010001101000001010100001000100000000101010110011101000001000000
00000101011011110010000100100001000001000011011000000100000010000100000100011000000100011110000010100
00000000001110001000010110001100001010010100000100000000000000000010000001011001100000110000000000000
00011000000001110010001001001110010101001000010001011000000010001011010101000000001000000000011101000
10101000100111101100110000100000010100010001110001000000000000110000101110000001000110010100000001001
00010110000000001101001100000000000000011000000100001000101000101110000010000001000000000010011000110
00000000000010000100110101000000000111101000100110000000000000000010000000110000000000000000000000100
10000100001100000001100011101100001000011000010000110001001000100000001101011011010000101000001101001
00010000000011001100000000001000000000000001000000000000100000000001010000100001010001000001011000010
01011001011110000100000010010000100000100000111111110000110001000100000000000000000000101101000000111
10111000001101110010100010000011100011111000010001100010010000100001001000011010010100010001010000000
00101010100001000000111100001001101000010110001110000000110000001110000000010010000101101000010001011
01000010000001001000000000010010010001000100000001000000000100100001000010000100001001001001000010000
11000001000011010101011100001100000100100000000000101111100011110000000010010010000100001000000000001
00011110000000100011010001000000000001000000110010100001010000000001010011100010010100000100001010101
00110000100000000000000101000000001111000001000000010110000010000000100011100011101001100000000011001
01010000101001001100110100100111010010001001000100000001000001101010010001010001000000100000111000100
00110100010100000011011001000000000001001000000000001000000000100010100110001000000110101010000010110
00110101000000000000001001100001000100101000000000011000100000001110010100001001011000000001011000110
11100000010001100110100100000000100000000000000000000000000001010000001000100100101001101001000000000
00100000011111010010000000101110000000011010000011010000100000010111000001000011100001010010110000100
00101001000000110001010010000000001010000000001101101100100000101111010000001110100011011110000000011
01001000101000001000010001000000100011001011000001000000000001101100010000001001000010010000000011100
00101111010100000000010111001010010000001100100000100010000100001100100000010000010000101000000110000
11100101000000001011100000001000011000000000000000001100101010001011110010010100010000000001010001000
00000010000000000101000000110011110000010110101100010001010100000100000000000100010101001000000010000
00001100001100100011000001001010000010001010000010001000010010010001010010000000010010001000001100000
00000000001101000000100000001000100010101110000000101001110001110000100110100000000000000011101100000
10110011001000000000010100010100000100101100000000000010001110100110010001001000100100000100010010000
00000001110011001100000000100001100111100001101000010001001010000010010001001000000000000010101001000
01000011111100100001010010000010101100010101010010000000001001100001001000000101110100001100000001000
00001000111000010000001011010001010000100100011110101010000100111001010000100001011111000001000101001
11001000000001100000010011000100110011001011100000000010010000101000000101010011100000011111110001010
10100010001100100010000000000100010100100011000000000111001110110000010001000000100011010101110000110
10010011010010000111100001000010100000000000000100000110001000001010110110001110100110000000001010110
10110001001101000000100000001100000000011010010000011110001110000000010001010001100000010000100011100
01000100000100000000000000110000000000001000100000010000010000100000011101011100010100000000001001001
10000000010100110000110000000000110100000010001010001110000000100100001010001011100000011100100000000
00100010000111000010000110000000101100110100000110011000001011010100110011100001101100001001100101010
00010011001000001100010100000010000111101010000001010000100000010000110110000001000010010100000001000
10100111001000000100000100010100100100010001010001011011000101000000000001110100100100000110110010000
11001000001101100001000100001100000010000001010111100100100001000000100101000000000010000000010000000
00100000000000001111010000000000101000000000000110000110001000000111101001100000001100101010001000000
01000101000010100010100001000011000000000000101010100000001010001001001000110000000101100001000100100
00100001010100000101100010001010000010010000001000101010000101010000001000011000000101100101001001101
10000110000001000100000000110000001000000011101010010000010100000000000100010111100001001101000000010
00000100000010010000000001100000001000010011110011001011000001000010011000001100100100100010100000110
00010100010010100000100011001000100011000100010010000000011000101010001100011100000000001110100000101
10110001000100010000001010000100010110000100000001000000000100000110100001000010110000011100011001100
00110000001000010010000100001001001000001000110100010011110000110011100001000010010110110001011100010
00010000000100010011110101101010001000001100100010001100011001010000001001000000010011000010000110010
00000000100100000000000100001010000000001010111101000000111000000000000010000101110100000100001001110
10100001100000010110001000001010100000010010001000100100010000100001010000100000001010000001101100000
11011100001000000001000001000000100000001000000101000100000100100001001010011000101111000000100001000
00001001000101001000001000100101000111001100101010100100100100110000100000001100000000010101010000010
01111001110000000100000000010010000100001000010011000000001100001100100010001101000001000001001100110
10000011000101000000100100000010100000011001000110101000000001110100000111001100000000000010111100010
00101010001010001011011000010101010101100000010101100001001000000000000010000000000111000001001100000
00010001100010000100000111010011010010100001010000011000011000000101100100010000000100000011101000010
01100011010000000000011000001100100100100001011001001110100010000100001101100000000010010000000010100
01000000010001000000010100001100100011000100010001100011011001000010100000110011010000000011010000000
00011000000101011010100001100110100100001001000001010000100100010000000010011100001110000001001010100
10000000000100010001010110110000000000100000010000101100010010000001011100000000011000100110001110001
10000001000000001000100111001001000101000100010000011000101000000011001010100101001000110100000000000
00010001010001010100000110011110100100110000000010000101000000000100110001000001000101011010000000000
10001000000100010011000101101010000000000000001001001001000010000000100001000001000000100111101000101
10101000010101001000000100000100101001101100101000000011010001011000000101001110100000100001010000010
10001001100000010011001010011011001100010101011001000100001110100000010001001100010000110100001100000
01001100000010010000000000000000010100011000110001100001001000100010000010100000100101101000100110000
00100000001011000000001000001100100000000001110001000011000110001001001011100000100101010000000100111
10000001000100000100000000000000001001010000000011010001100100000101100010100000010001110111000000000
01100100010000101000111010000000001001100000111000000000010011000001110100010100001001000000101001111
00101000010010000011001000001000111010001100101000101110001001001110001000001000110010000000111000001
00100010011000100001000011011100000010001001000000100000001111000000001010000011000000000000100000000
01000110011010010010000001010000011001100101101010000100010000011000000110100001001000000000110011100
10011110100000000100101010110010101001000001000100010010011000100001001000000100001000101000000010010
10110010000000100000000000001011001100010100111011000000000000010100110000100110010100000011100010101
01110100100011000010110011001001100000100011011101001000010001001000011100000000110000001000111010001
01000001001010001011010010001001110000100110010000010100010000110100110000000100000000001000000001001
0010010010000101111010110000001010001101000000000010100100110110000001110100000100100000000100011001G
