S1010010000010010000000110101000001101110000001010100001010000100010000001000100101010010000000100000
01100101101001001010101010001001010000100001101100001001100000010010101110010010000010100000011000000
00000100000100000010111000100001000000011010001011101000100000011000101000110011101000000100110000000
01100000000000010001000000001000000100001000001000011001110000100001000010101000000000000101101000000
00010000001011101010010000100000000001110001101000100001100011100000001010000000000001100101000100000
00100001101100011010111000000010110100000110100110101000010010001000001001111000001000001100100100000
10001000010000101010000011001000010010000010100101010000000010100000000101010000001010010000100010000
10010100101101001000000000010000100000000000000000100110100001000001000000011100100000001000000100000
10101101010010000111001010011111000010000011011010000100010000010100000001001011010000100100001000000
00000011010000000010001001000000001011000110001000100001000000010101001100011001100010001000110111000
00100100001010000000010000100000010000100101000100000101010001001011001000100000001101000000001000100
00000110001110101000100000100001010000000100000110001000101110010100000101000000101010000001001001000
00101000010001101110010011010001010110000000000011110100101001011010010000110000000100000011000011000
01101010010100000010011100001101001100110010001000000000110000000001100000000000000110000100000010100
00001000110101000000011100000011100010000000000101100000000001100101101000011100000011110001100100010
01010000101001000000000110000100000010001010000100100010001010000000010000100100100000010011000100010
10010010000001000101000000000000010000101001001101101000110000100001011100001000010000001101110011001
00110100010000010000101110000000100100001000010011000010010100000000100111100000010011000100111000000
00001011000101011001000100000010000000000010000000000000010010011001000000010001100001101010000001001
00011000110011100010001100000001101010010100000100100011101101000000000010000000000101000001001000001
00000010001011001010100000001000100000000000000000001001001000000111101000000011000000010000110000111
00100000000100001001010000000100001001110111100100110100010000010001100000101000010000000100001000100
01000001000000100000010010000010000001110000011000001010001000110001011010000000000010100100100011000
00001010011011011000100001100000110001000110100111000000000010001010100100000100010111100100010100001
00000100101010001100100110000000101001100100010101000010001111000001110000000001001101001011010111000
00000000110010110101000000100011000100100011001000000000000010000000000000101000100000011001101000000
01010100011001000000001100001001100010000000100110000101011100010110010000010010100100110000111100000
10100000101000000101101000010000100000010001100010010101010000110000000101011100010000011100000100110
01000000001000000001001001010101000011001001001001011000001000000000100110011000001100000000000000110
00010001000000000001100100011000101010100111110001001001000000010001000000001110000000010100010011000
00010000001100010001000010010000100110000000000010100010110000001101000111010111010101000101010000001
01001010000101000010010100001010000110000010010000000100000000010101001000000101101110010000000110000
00110001010100000000000001100001010000100110001001000100101000000010000010101100000001001000010010000
00110000001000111110010010011001100110000100010110100000010001100010000100110001001000011000000100110
00100110000000100110100010110000000010000110111101000110100000000000000011010000101100000100101000000
01100011100001001000000000011010011000000100000011000100000000000000101101010100000010101101100100001
11100001000001011000010000001100000100010010000010110001010001110100100001101011010100010011001000100
00100010110001100010101000011001011011000100000000000000100000000011010011011110001000010001101100001
00010011111100010001001011100011100010000000011000010000101010010000100001010000001010011101000001101
00001100001000100000000101000100111100101000000011010100000000111100000000000000110100000010000110000
00000010000000001100100010100001100000011010011101101010100000000000000000000000010001011100010000110
00000100011110100000011010100111100100110010100000000100000000101001010100111011000100010101010010011
00000011001101000010110000000001001100001010000001110101001010000111000000001100000011000000000100010
00000100000010001001110000011100000110000010010000100110001110110111000100000110100010100000100000010
00000101000010000001010011000001010100010000010010001000010010000000110000001000010100010110000000001
00000010111010000000110001010001000000000000001000011010011000000011000000000101000001001100000001001
00000010011001000010101001001011100010100100011000100101000100010000011001100000011010000001011101000
00000010100001000011101000010100001100011011000000000000100000001100000100001100100011100000001011011
00000100001010110111100000111001011101000101000010000010000000010100010010010101000001001000010000001
10001011001101010000000000001000100110000010100000000010110101001000000000111000010100000000010100110
01101011000001000110010000101000100000010000000000010010000110110000000000000010010001000011010100000
01011000000100010000000101101110001001001100001110000110000000000010000011100001111010000000101010110
00010000000010001000110101011000000000000010000011001101000000010010010010010000001000101100110010110
10001001001000100000000000000000011000000010010110000000010010000100000000000110000000010001000001000
01000000101010100100010100100000100001001000001001010000010100010000000001101010010010110000000100000
11000000110000001110010000110110010001101000001110000101000111010000101000000000001010100101000001101
00000010000011100011001110011101000010010010011100010100011000011000000000000000110011000000010000110
00000010100011010010010100001101001101110001001000101000000000011010001000001010111000110100001100100
11000111000001110110001010101101011000001110000000001000000000000000000010001000000010001101001000111
01011011100111000010100001000010010100011001110000001101010110000000001001100110000101010001110000011
00000000001010111111000001011000000000001001000010110001010000001100001011000000010100110001111001000
00100110000010011000010110010011000110000111001110101011001000010000000010101000110000001010000000000
00000000001000101010000001010000100000011101001010000010100000000101100001001000001100011000000010000
11010001100010100010000001001000101111010000000000001100010000010011010000111100100110010000101100000
00010000100011000000010010000000010100001100100110000010100100010000010001100001001110110000010010000
11001110110000110000000000000100100100010101101110001100011100000100000011000000001001001001100100110
00011001010001100000110000000000111000100010101000100000010100000011000001010010101000001100100001001
00100001100110000011101010000010100000110000100010101010001000101100000010000000011001011000000111000
00011100001010000000000110001010010100100000011110100010100010110001000111000100100000101101010101001
00110110000101010100101100000110010010000000010100100001000100001010010000000000000001000010000101100
00001000001010000000100000001100101001000000011000001100110110000100000010001000000000000000011001010
10000000000000000001100010100000111000010100001000110101010100000110101000011011001100100101100000001
00000000001100000101010000010100100010001000100010001101100101000011000000000000100000000101001010110
00101010000010000001000101000000011000000100110000000010001000100110100100000000101101000001001000000
00100000100010001100010000101000010111001100110100111010100000010001000001010100000001001000110000010
00100010110000110010011000000001110000000001000000000010010000100000000100100101001001000000000000101
00011000001001100101000000001000110011001000100001100100000101100100010011110100000010001000000000000
00001000000111000000010001001000010000100101011000000010001000001001000010000111010110001010010000000
10000100001000101011011000011000000111000000001000001000000000010010000000011011010111101001000010100
10110000010100000111001100110000010010010011010000010101001001001001011001000010010000000000000100001
00000111000110100011010100000001010101010011000101000010101011001000001010110100100011010001000100001
00111100001000011000101000111001100101000000011011000100000000100000001101011010100100100101100010001
00010011001010000001000000000010001010101000001001100010011001010000010000001110100010101101000010000
10000010100001101001000001101011000101011000000000110000000000000000000100000000010000010000100000000
00001000000010000111101000000010100001001100110100000000001010000111100000000000010011001111101010101
10100111001001100000000110000010000010001001101110000100100000100000000001010001001100110000000011100
10100010000010011100011001010011010000100000010000110000011000001001010010001001001000011000000010000
00001101000001000000010000000000100000100000000010010011010001110000110100010100000100000000100010010
00000001100000000000000000000000001000000000101001000100011111010000010100001011110010000011001100100
01000000000001110000000010111010001000100010000100001000001000000000000000001100100010001001010100011
10000010011010010000001010010000010010010100000101000100010100000001100001001100010001110010001000000
00000001011010100001000010000001000000101000000001000001100000001010000001100000000100000100100100000
01100100001011110100000010000001100100010010000001100000110100000101110000001001000000000001101000010
10000000011000010000000000000110101010000010000000000010000000110000010010100110000000000100101010001
01101000011000000000000000100000111000000000000000101010001101101000100100000000000000010001011010000
10001000000100010101000100101100000000000011010001001000010100101000001110000000101110011110100000011
00010000010000000001100001011101000100000011010100000000011111000100000110000000000110010000010010000
01100000000010000010000010000100010001001010001010011011010000000010001000011100100010100101100100010
01011101011000000000000000000000001110100100000000000000100000000011010000000101010100001100110101001
10000101000010101001011000000101100010011110011000111000010000100010000001100100110011011100001000001
0000001100000011001000100001001000100010000010010010110010000111100000010000000100000000010000000011G
