S0111000000000010001000001001001001010100100011000001000000100000000010000000100101100001000000000000
10000100000101000010010000100010000101011000001000110001000001101000110010100000001000001000000000000
00010000001100001011000001000100110000001000000001100001000000101100110100000010000000010101000000000
00010110100001111101000001010101000010000010100101000100110000101111101001010101000101000010100000000
11000101000100110000000100000100111000000101000101000000101000010011000100001100001010010010100011000
00000011000000101000101100010000010101001010100001000000110001001000001000001011100001000010100101100
01010111000001101001011100100000101100101101110001010000000000000001001010100000010000000100101000111
00000000000111000000000100000010110100000011111100010011111110000000010111000000101011000001101010011
00110001101000100110011001100100010101100001001101001011000110000000000011000001001000111000011000000
00011000000010100010100000000010010001001001010101110000100000000000000100100000010001101010001001100
00010000000100000000000011000000000000000011000100100010000011100000110001100010010000000010110000000
10010100101111011000001000000110000010000011010101000010000010001010000101100100000101011000000000001
10110110000101100000000000000100011001001110110011000010010010100000000000000100010000000010010100000
00001111000110100011100000110000011101110010001000110001000010000000000000100010100000000001111100001
00001000100010110000101001010000101001110010000000001000011010000100110001001000000000000100000001100
00000010110000000000010101000000000001011000000110011111010110000000000001000101000100110011010001001
10010110000000000010010100001000100001000100010100000000000010100100010010000100010010000010000100010
00000100010000100000100000000000011000110011010101000100000110000100000101000001000110010001011100111
00001000010000001000001000101000001001100001011010101000100110010000000001000000000000000010011000000
00101001100010001010000001100001100100000010011000010100010001011000100110000010111000100000001101001
00000010101001000001001010000010110110000000000111000010010100101010001011000110010100010001010001001
11000000001111010000000100001000001000100001001100000000001000000100001000100000110000000010100001000
10010001000001001000000110010010010001100010010100100110000001001001100000001000101010001110010101100
00000000010011001100101010101100001001100010010010010000001000110010000110000010010011000000001000100
00001100101001000000110100000010010000010010001010000100100000001001010011110100100000000100000010000
00100000000110110100100101001000001000001000100110011010100010100001000000000010010000101100010110011
00000010000001100010011111101000100111010000001100110000000100100011000000000100001100011010010110100
00100011010100100000011010100111010001001010001000001010001000010101001000001010010000100011010110001
00101000000111011001010000110000000010000000110000010000000001000011000100010010010000001010010010110
01100101001111011100011000010101010100011101000010100000001010000001000010000111010100010000010110100
10110100000001000000000000011110011110000001000010000001010011101001110000000010010000110010001001100
10010000000001011011011010010011101101000000100000011001000100101000000000010010110001010000010010000
01001100001110000000010010001000010000011000000000000000010000000100011100010010100010000101001100101
00001000000110111000010000001010100010101100010101000000100000001010110000010000010000100101000100000
00000010010000010000000000000001000000001000100010100010010001000000000110000000010101100000001001011
00110110100000001101101001000000110001110000000100010000110110001011000101011000000011111000001101001
00011000010000101111111001011011010010011110001100001000000010110000000001000000101100000000001000000
00001000001000100101000001100000001110110000001101101000010110000100101000001000100110001001000010000
10000101000000000010100001000001100100101000100001111001010110000000100101000010100101000001001000010
11001000100010000110100010000001010010011000110010001000000101110001000000000010000000000011000000010
00111011101000000010011010000000000000100000001010001100100000100111100000001110000000111001100000000
00011010001100110001001001100110110100000000001101010011001001001010011001000001011000001010000000111
10000010110100010001101010101000010111001010000010000000001000011010111001000000000101000011000000100
11000000110100000000001010000101001100001001100010100110001010100010000001000010000100000000000000000
01110000001100000001101000110010110010000010001001001010000010000110000001000101001101010000000110000
00010000010100000010100111000100000000000100001000100001000100001000111000111000000011000010000100010
00100000001000000100000000100000001000100001110101100000000000000010010000010000101000011001000111001
01000000000110000000001000000001000101000100010100000001100010000110000100001000001000000000000001000
00000010000001010000101110001000101100000100010000011001011000011001011010000100001000010000101000001
00001000011100000100010010000000010100111000000101000000001000000101000010000000100110000010001000010
00111000010000000101000011000000001010010010000100010110110001001010111100110101100000011000010001001
01000000001000011110000000000010000100010110010011100010010011001000001101001010101011110000000000000
11010100000100011000010100000101001001010000001100000011001101000000001100011000101010000100001100000
10011100100000110001110001001011001100001111001000010001000000000001110000100001100001000000000101001
00010000001000110100100100010101011000000110110000010001000001100100000001001000000000111000010000101
10000001010010111000001000010000011101100000101001000000000000110110010000100000001000010011000100001
00011010001000101001001000010000001001111100101001001000111000011010001111101001011100100010000011001
01000000000000100110001000000110000001011010000100011101010101100101010000001000000010010000100100000
00001000101001110001010000001011101010010001001000000111010000000110000000010000011110000110100000000
01100100111010111010000100000110000101001000001000000001100110010001000001000000000110000010101100011
00000000010001100110000000100100000000001000001100111100000110000000111000110010011000010110010010001
00000100000100001000100001001000000011001000011010101110101000000000100000000110000100111000011110011
10000110000000000100000110111011000000001100011010000001001010110010000010111000000000000010100001000
01000010000000001011001000011001100010110101000000010000101010000010011000000011000010000010100011000
10000001000011000000100000001000010000100011010110011001101010000000000000000110001100000001010001100
10001000000100110001000000000000100000010001101001000001100001101001000001000001001000001010000000000
01010000000000110001000001100001000010010000000001000001000000010100010000000110000010010011000100100
00101000100101000000100010000100110001100100000000010000010001010100100000010100000000101000000010110
00000100100001000010110000100110110000001000000100000100010001001001101110100010101000100000000000001
00100010100010000010000100011100100001001100011001001001010010010000011000100100001101101001110000111
11010100010100001011010011001100010111000010010010010100000001010110011110101010100000000010000001000
00001100001101000010011010100100010010110000000000100000010000001000000000100010100100001000100010011
01000000101000010000001000010000101000000111110001000010011110010000010000010011000000001000000011000
00100000101001000100110111100001011000010000000110100110001010101111100000001001000000001000000000000
00000000100000010000001000001010010100001010000000100101010000010000000000000000010100000011110010001
01010000000001110101010000001011011010100000000001001000100000001011101100000110000000000001001101100
00001000100000001000101010100000010000001011001010110100010000100000000011001000101110100100100000001
00100000000000110000101011000100010001010000010110010100010001100000000100100001010000011000000010000
00100000001000101011100000000011101010101100000000000010100000000101000000100001010100010110000010110
00000010000000110110000000011000100010000000000000011001001000000101101000000100010111101000010000001
00001010000011000110000100000101010110011000000010111001100000101100100100011000010100100000101000000
11111101010000100100011100110000000000000000100101101001011000010011000000000000111011000011001000001
01100001100010010000000001100100101001011000111001000010100001000010010110101011000100000010100000001
11000000100110010010000000100001001001001000100001101000101000000000010000010000000001011010000010111
01111010100001000000100101101010100101100011000010001010100000011010000100100001101000001001000100000
00100011000010000001000000000000000110001010010110101000100011000100011001010100010010001000000011101
00100101000001000001000000000001010110001010101001101000010100110001110000000100000001100000010000000
00000000000011010011100000000100110010010001001001010000001100100000010000010000100011000110011001110
10000000000010100001001100010001010001111100000010010000100100011010110100000000100000000000010010100
00010000110001011000001101100001001100010000000000001000001001000000101000010000000000001010100001100
00011000010001100000000000001000001000001100000001000000000000010010000110101010000000000101010000100
10000001010110000000000000001010000000000011010100111001100011011000100100000000010110100101010000000
10000010000001110000000100000000000111010000000000000110001001001110001100011100000100000001110000110
01100000100101000000110100100010000110010101001001010001110010000000000000000100100000000010001010000
00001010000000001100001000010011001001100000100010100000010010000001010111100001101101001100010000001
10001000011100000000000001100000000101000010001001000001000011001111000011000100001010101000100000100
00000011101100110100001110100000100011011001010000101000010110000010000110010001000101000000010000000
01001000100110000100000000000000010001000000100011100001101000010010001000101000000000001100000001000
00011111100000100110100101010110010000000100000110001011000010100110010000001100011000010010000000010
00100010101000010000101110000010000000000110110000010000000000001000000100011100000001001110000100000
0110000000010000000110010011000001000010000110001101000000000000000111010000000000000000000001100000G
