S0011000100000001010000101010010011001100010010100001010000000000110010000100011000100000000010001011
01011000000110110000100010001110000010100010101000100000001101110010101100101100101000010000100001000
00000000000101010011010000100100100000111001100000001101001100000001000011001000011001011010100110001
10000000110000000000000010000001010001010001000001000000000011101100101111100000010010010001011010000
00000100110000010100101000100110010000010110001000011100010001010001100100000100000110101110000010000
11000000110000101101011100100000001111101000110000110000000001001001110000011011000000100000010100010
00001001000000000000000110010001101000101000100110011001000000100100100100100000001010100000000001000
00110100000011010000011000100100000001111000000101010000000100100010010001000000000000101110100001010
00000000001001001101100000001101000000001011010001001001000001001000011010010000101111100100001010111
00000100000000101000100000001000001001111100101001100001100001100100011000000010001100010100101011000
00010000000100000110110000010000000000100000001000101000110000000011010100000000000110000000100001000
00010110101000000000000001100000010010010010100100000111000100101101000000010110100001011010000001010
01000001010100000101100100000000000001101001010101100101011001100110001100000101100011010110000000100
00000010100000100100010100000000110001000001101001110000101011000001001000010000001011010010000001000
10001000101010000111011100000000100001001110010000110000000001001010101000001010010101010000001010100
10010000010101011001001010010000100101010010000001110000001000011001000110010000001000010000001000001
11010100001111010001011000000010001011111100101001001010001000000000111100111100001011000001000000010
00011000101001010110000000110000010100000110011000001000110000000010100010100000101001011010011001100
01101010011001000000000001010000111110001010110000001100001000000010010001000000110001010111000000100
00111001100100010000000001001000100010100001101000000001100010001000000010101000100010100000000000000
00001000000001000001010110000100000110110000111000010000001011001000000011000010000110110000010000101
01001100110000000000111100010110001100101000001010000001001110000000100000011001000001001100000000010
01100001110101010000000010101100000010000110000011110000011000100110010110001000101001100001001001000
00110001000001101010110001110110000000100000000101011000010101010010000001000101001000100001001110011
01000101011100000100111010000110101101000100001000101000010010100111001100000000110001000001000000010
10001000000101110101010000000000100000000000111000000000001001000100001000000101000001001011010010001
10000000110100001100010001001000000000100000010110101100000101000111010000000100001001000100001110010
10010100000001010100000010000110011001000000011101110011000001111010001010000000010010000001000100100
00001100000100001001100000100001101000100000110000001010000100101010010101110111011011100010011110101
01001001110110110110011010101000001010000001001101010100110110000101010000000010110000100010000000000
10000100100011111011010101010001000010000000111010010101000000000010000000100001001101001001000000100
01000000000000100010000000110000010001001000000000101001000000011010000010000010100100001101000000100
00000011000000100101001000100000000001000010001100010100010001010100100100100000101100100000000011100
00110001000001000000001000100100100000000010010101000101001110100000100010000001001100110010100001100
00001110000000101100000110010000000001010000010101000000101100000000001000001000000101101000000000010
10010010000101010000010000000011000000111011111000000010100010000001100100000001001001011000001010010
10100000000100000000000000000010010000010000100000110101000100011000100100100010010000100100010000000
00000001000000100001000000100010010110000010111000001110111100110110001100101001010101000100100001100
01100001000011000000100101001100000001000001000010001000001100100100010000010101100000110000000000010
01001000010000000001001000110000011010100001001000100000100101010000001011011000001000011111110111000
00110001001001000000110000011000010110100000100101111000010010000001001010010101000000110000000000000
00010100101000111001000001100111100100110110000000001001001000100000001011001000010100000001000000000
00000110100010001000001001000000011100000010100000000001000010110010000100011010000000010000001000110
10000000100001100111110000011000000010000000010000010000000010000000001101100100000000010010010000101
10011101000100001110100000100000010000101010001011000110100001100000000100000100000101000001000010101
00100100000010100111000000010000010000000000000001010000000000110011001000000010000010000101000000000
10100001000000100000000100001000100011010000000000100011001000010010110010000011001100001010000011010
10000000010000011000010101000111010110000000100010000010101001000000000011000010110000000010011000000
10100100001100011000001000010100100111001000100100000100000001001100111000100101100110010000100001011
01000011000000001010000011001001001000001000001100000011110100000010000100100100000001000100010010001
00010010001100100110011010000110100000100000101010000100000001101100100100011000000011100001110001010
00100010000000000000100101011110001010000000001001000101000000000101000001000100100100101001011001100
10011011100011001000101000000011000001000000010000001000101010001011100000000101001010011100010010010
00100010010000111100110000101000110100000000000000000010000010001100110000100000101010000000101001000
00100001000100001101010001011010000100000010010100010011011000010000100000000000100101000010001100010
00110110000001000101000110101000000000110000100011111101011110000001010010100100110000000000000000101
00100100000110100110000000010001010110001001101010000010001100100000101100001100011001000000101111010
00110110000000011000000100001100100001101001010010001000000000000001010010001001000000000000101100110
00010011100000100000010110000000010011010001001110010110000000001101001000000100000000011101000000001
01000100101101000011000111010100001011111000000010010000110000110110000000000011100000100010001000000
00101100110011100000000001100100000000000001011000011100000100000000010001000000110000010000000101000
00010011001110010001010000100100010000100100010000010010000010100010001101010010011110101010001000011
00101000100101011011101100000010001010000100001000011000000001011100000001000010000001010000011010010
00000010001011011000000100000010000100100010110010110000000000001101000000100001101101001010100010010
10010100101011000010010000100100000000001110010000100100011100000001100000001010000010100000001100001
00000100101100000011010101000100011000100110000010110001010000010000001010010000000000010100010100010
00001011101000000100001011011001001100010010001000101000100100000000101010000000100000010010101100000
00100101010010000111010100000100011011001010111100101000011101110000010100000001000000000001000100101
00000100100110000000111111100001000000000000000100000100000000000000111000001000001000000010000100000
10101000000001000000000010000000100001011100110101000011001101101000010000000000010000001100000000000
00011001000001101000000010001000010000100000010011001001101100001100000000000100010010000000100000000
01100010111000100000000100000100100010010100011000100010010000000000010000001110010000011111010000000
10100000010100010011001100111011110000101010010010011000011100010000011100000000010001110000001000000
00001000001000101000101000000010001000010000111011001000001000000010010000010000000101000000000010001
00000100000001000011000010101000100011010000011010000000011010000000110001000100010000011011000000000
00010011110010000100000000100000000100001000100010000000100000001100000001101010110010000000001100000
01001001001100001000100000000010010000011001001001000000001000000001100000011010000010000110100000001
00010000011010011000000000000110000000000100010011011010000100011011000001000000101101011010000110000
00000010110101001010010111000000000010000001000010000100001010011000010100010100000000001000010010001
10001001100100010011010000010001000011010000100101001100000000010001010110101001010100001000100000100
00100001010010010001111000000010000000010000111001010011000000000011000001010100100100000010010011100
00010100001111010010001101100110100001010010000110101010010100010000000000101011000111000010010000000
00000000101000000101000010000101001011000010001000001100011100010100000000110000011010010000100000110
10011001100000000010000100000100000000001111000000000011001100001000000001000010000001011000000100001
00000100100000001000011011000011001011100000101110010001101001000010000000000001000000010001000010010
00010100010010001011101000011100000110101100010100100000010000001010100000000001000000000000010110000
10010100100000101000010110100010000101000000100000110000000000000000100010001001000001011101001000101
00001000100011011000000001000000110101011000001010001110000001000110100011000100000010000000001111100
00011000001010110100101001001101100100001000000011001000010000001010011000001000010110001010001101010
01001101000100000010000000100100001010000011000000100010001010100000110000000011001000000011000001100
10011000010100110000000000011010010001000000001001000101100101110011110000000011010000000000110110100
10011110000010110100001001000010100011101001000001101010000000001000100001001010010000110010100100101
00010000010001110000000101001110000000101001011000000011001101010101010001010001001110101110111000110
10000000011100110101100100000001001000000000001001001010000001001000000010001010100001010000101000100
00100000000000000001000000101100010001000110011000000000011000010010000011100001111001101000000100100
00000101001101000100100110100100000000010100010000000100010100100011111000000000010000010100000111011
00000110010000010001000101100000000110100110101000001000001100100101000001001001100001000100000000000
10000100000100110000001000000000011110000010000000011000001010100010100100000100000101111000011000000
00001000000000000010100010000100011100111010100000100010100000100100000001000101010011000001000011110
01010001101100001101000100001000001000000001000001000100001001000000011001000011100100101010111100100
0101100101110010000100000001100100110010000000001100001110100010000010011000010100000000001010000010G
