S0000000010101000100000001000000110100000010000011000000000000010110000100001001000101001100100001000
00000000010110010000000010000000110010010000110000000000000001100001010001100100010000000100111011110
01000100000100010000001000001000000000001010101010000100000100100010001110010100011110011001000100001
00110010100000011001010001100001100101000011011000000000010111100000000100110001000111000000100000000
00001000000010101110001011001100100101000001000011011000010110001001000010110110011000011000110010000
00000010001000000000000010001100000010100000000101000011001000010101001000100001001001000010010110000
00100110011001100010010010101010010000001010110100100100000100100101000001110100010110000000011001010
00000110000100110000111000011111101010100010101101000101100000101101001100010100000100100010100010000
01000000010000010010001011000001010101000101000000000100000001100010010100101001000011111000100011100
11000000100000000010101100000101000000011101000010100101111110101100001010010000000100001001100100010
00110001100000010010000011010111000001000101001011000110010000000001000000001001000000010100001100001
01000001101000110101000000011010100010000100100001100000011100001001001010001001100100000000110001111
10000100000010000011001110100001010010100000110010100010110010001000001001110001010001000000000001100
00001011111001100000010001000110101000000101001101110000110100011011000110011010000010001100010010100
10011100010100000001001000100000110000110111100100001010100010001100001011001000100000100000001110110
00000001010010000100001000100000000111000100000110001001011001100010000000000100100000000000011101000
00111001101110010001110011100000000001010000000100101110100010001010101011001010100100100000000101011
10000011001110000001001100100010111000001001010000001001000000000110100101101000011001010000000110010
01111100010000010110110001101010010000100001010010001000110000001001111100001000101000000100000010000
00100101111000010111000001000010000000110011001001100010000010100001000010001001000001000100010000000
11001000000100001010001001110000000111001000010000010101000000000011001000111101101000010110101010100
00000010000000111100000000100001001010010110000110000101010000100010010000110010011001011010000001010
00001000100000101010001010011110111000000010000100000000010000000000100001001011000100000110110000000
00010000000001100010000010010001000000000001100011000000100010001101001001001110011110000101000000100
00000000000101100000000101100001000000110001000110000111010000010011001000001000000000000000000000101
11001000000100000001101001000100001110010001000010100110000001101011010100100000010000000001011010000
11010110000000010010001100000000111000000100100101001000100000010001001000010100001000000000001100110
00001001001001000100000100100100101001010000010000010110100000011000000100010100100010100010011000100
10011110000001010011100000011010010000100100000110000100010000101111001001000011100001000100100011010
10010010011000001101010000001100100010000010101010010101110000000000000000000000000001001100001010100
01000000000111000000001000010011000010000000000011000011000000000000000111000000000101100101001011000
00110110010000100000010100010000101000000010010000010001101010110111000100010001001011110000101001101
00100100000100100000001000001001011010010010110001001001000000110001010000101000000010010101001100000
00100000000000000100000011010100110100000000000010000000001010000010101010110100110001100000010100000
01010001010001000001011010001100100010010000000101110101000001110010010010110001010010011010101100000
01000100000000100000110100001110110001001000010100000100110010000000000010000101110000001000100000101
10100010010001000010000010101000000000000000100001111010000010100000000011000010001000000101001111000
10010000100110011000100010010000101001001000000001100110011110100011111101100101001000001011001000000
10101000011000000001010000110011100101010000100101010000000000000010101010000001100000111100101000000
00000100010100010000101001000101100000010000110010010000000110000010000010000000000000010001100101100
10010100110000001110100010111100000100000001000000100001011010011000100001000100000011001000010100101
10001101001101110101001110110010100001010111011000110000000001000010010000001001110011010001011100000
11001000000100010100100100100000101001101000000000001000100000010010000100010010100001010100100101001
01000000110000011000000010000000010100000100010000010100000110000011000010000111000010101010010011101
10111010001100011000000100011001000000100000011010000110100000100101000100011001000000000010011100000
10100000001010100001010110000001100010001000011101000001010001000010000000000111000001000000000100011
10000000010000010010101111100101001100100001000110110000100100000111001010000000000010000100010100000
01100000011100000010110000010001101000000001100100011000100100000101100100000010001010000011000100010
00101010000000001001000100000001010010101010100000000000100100000110011000000000100110001011010010011
10100010010111010010010101100010001010010100010000000010000010000000000000001101101011001000010010000
01000001110000010000000000100001000001001010001110110000000100101100000001001100011001000011010010000
00100101111000001000000011000100001000010000100101010010110000100001110010100000000000000001000011001
00100111001001001000001001011101100001100001001011101100011001101000100000000011001000000000001101000
01000111000001001001010011110010011111000101010110000001110001001010010100010111010010000000000010011
10010000001001000000001000000101000010001000000000110001100001000000100001000000100000001110001010000
10100000110100010000100000100000010011000001100010011100001010000110100000010000110100110000000000000
00100000101000001000000000000000110010001010010000000000000011110000110010001000011100000000001011101
10000010100000000110001000110001000011000101000000100000001111001000000100010010001010101010011000101
10100001100000001010000110000110000100100011000001100010010100000101000011000110000001101101100000100
01100101011001000001101001110001000010000001001100001111101101010101001110000100110001000001110000000
10001010001000001010000000101010010100100000010000110010000000000000000111000110110010100000010010100
00010100000010000101110000000000000000001101000110001100000010000100000000101001000001110100000011001
11100001010011000001010000001000000110011000000000101000000000101110000010111000001000100001100011010
01000000010001010000100000011001011000000001110000101000000000001000110000000001010011100000111000000
01000110100101001010111000000000010010001001000100000100111010100101101101010101010101000001100100110
11000000010010010101000011101000000000000101100110010100010000001010010000001001110110010110010000011
00101000001000111000101001100000100101000000001111000101000010000100101000000010000001010001001101010
10000001011100001100001000000010000000110000101000110101000011100010000011111100001000100001111011010
00110100110010101100010010000000000010010000000000000000101100000100010110100011000100000000100011100
01011010001001101010100110000100000101101100010000011010101100000000010000011000001110100000011000110
01001001110011010100101010000000010101010110100000110101000011011000000000001000100001010010100100001
01100000010000001010000100000001001000000101100010010100001000110000100010010000000000010000000001100
00010000100011010000010100000000000101100010010100010000100000011000000100110011100011010000000011000
00100011000001000100000000100000110000000011110000100011010000000101010010011111110110100000000100001
00001000100100001011001100000101100000000000010000000000000000000000010010101000000100000010000001010
00001000000111111000100010000011110011001000010101000001010000001000000001010100100101000000000100010
11000000111100000000110100000010001000000001000001100011110001100010001001000001101001101000100000100
01000010011000001000000110000000001010100111110100100000010000011000000010011010000011000100110010000
10000010011000000000010000111011000101010010010010110001000110100010000100000010001010010000000000000
11001000000000110001000000000100011011000010001000010101000100000000100010101000001000011001100000001
10000011001110000110110001010011010100001100000101101011000000000000000100011110100011000010000010001
00001011100000000000101100100000000100100000101100100100000001000000001001101000110010010000001001110
00000000010001000000010000001010000000000100110101010011001100001000110010110111000111000000001000011
10001001100110010010100000001000010101100000100000001110000000000000010100001101000100100100000010100
01000010010100001010000001001001000001100111001011100100000000001101101001111100100000110001100010000
00000100001010011000001101001110101001100010100000111010000000011000100010000100110100010000000001100
00001001010011001001011000100001001000010011000001110010000100000010100000010000111010000001000000010
00000010100000000010000001100000010010000010010000101101100101000100100010100000000000000010100000100
00000101000000100001110100110000010000000100001111001011001010000000000000100100001000101001000100001
00000000000001010000000000101110000011010001111000100000000011000000001001100100010000001010101000011
11010001011000101000000110101100000010000000011100010000000111000001100110000001110001011001010101000
00101100000000000110010010110100000010000101000000101000010100100100000000011000000001000010000001001
00011110000000011110000000000100101010101011000001100011011000001110001000100111000011000010001001010
00000000001011011000010011001000110000011010000000010010010100100100000010010011010110000110000110100
00001001011100010000010010100100100010001111010001100001000000000000100100000010010100001100001100100
01010000000101101001011000110000000010000100001000100000010000001111110100010000100100000000010001000
00100001010100000000010100001000000010110111010010000000010001000001000000000101010101001011001110011
10010000100000001110001000100111000000000000110000011000001100100000100100010101001000000000010011100
10101110010000110000001100000111010010100000011010010010000000000100100010100000010010100101000000101
10000000010110110111000111000000000010101000101101101000010011100101000010101011000010101011010000000
0000110011000101011001100000111110000011010010001000010001000101000100001100111000100000010010000000G
