S0100000010000100111111000010010101001000001010010000100100000100000000000000000010000001000100010110
10000100000010101000000101100110010001100000000100110000001001010100101110001001101010000000001011010
01101001000000101001000110001001000001010001011000001011000000000010000000000000010000000000000100000
01111100100011101000011001010000101001001100000010110011000001101001000000010000101000001000000000100
01000010011000011100000000001000100000101000000010011101011000000000000000101010100010001011010100000
00000000001000100100000000001010100001101001001100110000000000101001010100011000000001011000000000001
00000001000000110000001010111101001001100000010001101000001000010000010001010000100000100100011110000
00100011100110000001000000100001011101001010001111010000011000001100000111000101000110001000000010100
01010101111100101000000000000101001100001010001000110101001100100100111001001010101000000001000100000
00000000111110001100010001101100010001000001001100000000000001000001010100001001000110100001110001001
11100010010000001001100100000001001100001100110000110100100100010010110010000000110010110011001100000
10011101101000000001111011000001001010100000100100100000001000010010001000100010010010000010000001000
00011000011010000000000101000011100010101000000101000000011000001000010011111100100010100000001111000
00010110101010000000010000110000111001101000101101001000101100100010000110001000000000010000000110000
01000101000010000001111000110000000101011001000100100000000001001100100011100001000000111101100000010
10100000100010100010000011100010000000000000001000000000000000011000010001000111100000110000011001001
00010100000000100111010010000101111000010010100011001111001101000000010000000000010000001110000000001
00000000101001100000000001010110000000000000011000001101001000000001010010001000000011010000111001110
00000100000000010100100000001100100000000001001001110000010111001000000000000110111100000110010100000
10100101100000100010100000001000000110100000100001010100000100011001011000100000011010000010001001001
00001010000000111000001010010111100000000000000000010000010000010000000001010101010100100101000110101
00000001011110000010100010110100010000000011111000100010001101000000000010010111110000000010001101000
10000100010000001011000000100010100010100110000000000111100000000010010101110010101100000100010000101
00001010111100001010010101000100110000000011111000001101000000100001111001001000100000000001101100001
01011100110101000100000000100101001011100000000011010010100000000001010100010000100000000000100000010
00000001010001101000101001100000000010101111000000100001000000001100001011010001010001000010001100110
01010000000000100100000000000000010100000000010000000110001001001001010101001111001110100001010000010
10000001010000000111000000001100000000000010000000100000110000000000000010000000001000100111000001001
00001000000000001011000101100001001010000000000001100000001000101000111101000000000111110010000001001
01011101110101011011110101010010100010000000101001101010000100000000100001011110101000101001000010100
10110101110110000000001010000010000001110000001000001110000010000111000111010100010110010110000010000
11010010010001110010100010100000001010101000001100000011000010000100000000110000010101100010011100100
00000000000001000010100101111000000111000000010101010001000100000000000101100000010100000100010000100
00000000101011001000001100001000110001000001001001001010010000011000100000000000010000110000000000010
01110000100100000010100011101001000010010010110000100000100000100100010000010010000011010010000011001
00001110100001000010000001000000110101001100000000100010101000000011000100010001100000100010010101000
11100001101000000100000010110001100000000010000011000100000011110110010000000000001011000010000000001
01000100100000111000010000001001010010000010010000001011100100001001000100000001100110101001100101000
10010001000000000010000000010100100000000010100100100100111010010000010000100000000000101000100100100
00100000000011000010100000110000000101000000000000100010000100000011010110000010010100011000110001100
00100001000000101000101000000010110001000100010000010111000010101100010010001010001000100011001001101
10000100100010000011111001100100100010110000010000011100010001001010000100001001000101000010000101000
10000010000000010101001001000010000001000100000000011000011000001001000000000000000001101001000100100
01100001111100100011001100000011011000001001010000000000010001000001100010010000100110100010000011000
01010000010000001001000100001010101010000111000111010010000010010000010100110101001000100101100000100
00000010110000001000010000001100111011000000100110000011000011100010010010101010001000100000010000011
10001001010001001000001010000010001100000000101000100111000000101000000010110000000010011010111000100
00000000010000011010010110000110000001010000000001100001011001000000100100001000000000000010000111011
00000000000100000010011010000000101001100010011101000000110000110011110001011000000000010000010101000
00001000010010001000000110001001001000110011000000001101001100001000000001101000011001000110001000001
00100000000101100001000110111000100100000011000000000110010011010100001100100100000001000001010010100
00000000000111000100000000000100000000100000010000000000001000101100101100001101101000101010000000000
00110001011000000000000011000000110001000010000000000000100000000000101110101000010000001001000000000
00110010110000100000101000000000010000000101100100101010000010010010111001000001001000000001001000000
01100011001000000100000111000101000000000010010100100000100000010000000000010010100000010001100010001
00110001010000011000010001010001010011001111000000011000100010000000000010110100000000010000000000100
11000001111000100101011010000000001100000011101110101010001000100110101000010000100000101001100010110
00000100000000000001010000101100000000000001100100011000000100010100001011001000001000001101000100101
00000101000000001000001110100100010101010000011101001001001000000100000000000010000111111000100100110
00000110000000111110000100000000101000011000010000000000000011000001010000000010000001000001000000000
00001010110010100110110010000001010000001010000000000101100111000000001110000100100001110101000010001
10110101100110000000100001100000000010110010000100000000100100011000000000001000001010000110000000001
00010010010000100010000001010010000000010000000101000000010000000001100001000010001100001001000101000
01000000000100110010010001101101000001010000100110100000110001010000000000010100000001101100001101010
00010100000000100000001000001100000010100010001001110010111010010000000101001011011100010000000000001
00000000110000001001010000100010000011001000101100001000000001011000000000000010010001010110010010100
01001000110010000010100011000000011100010000001010011000010010110111001110100001000010000101000111000
00000010000000001000000001110010001001000100001110000100101000100000001100010100000010001000000001100
00100100010000100000000010100101010010001000000001111000110110100001011110000110000100000000001000000
00100000001100011010001010100001110000100001001011010000001010110011000001100000001101000010010101100
00110011000001110000000110010010010101010000110000001011000000001110100101000001111000011111000000100
00001001010001010000100001100000000000000001000000011000000000010001100000101001111000110000111000000
00000101001001001001001010100010110000100011100010100001000000000110110000011001000000110011000000101
01010000101001000110100001110110001010100000001010011000000000100010100001001001000100000001010001001
00000000001010101110101000000000100011010000001000010111010001000000001100000110001001000010010100000
00101001000000010100010000101101110000000001010001000011010010010100001000100001001000010001000111011
00000110000000110100000010110000001010011010000010011110001010100000000001010101000001000000100101000
01010010000100000100000000000000000101010110001101000000111100000001100100001001000000000100110000000
11000010110000000001100000001000000010000110000000000001100000000000010000000000011010001001110000011
00010010110010000000001010000000010000001000001100000000000000100100000001101000011010000010000110000
01101010011011010001000110111000000100010000010011100001001100001011110010001001001010000000001100100
10000000000001100000010001001100000000001010011101010001000001100000001000000010001011100100100100000
10110110011010000010010001010000000110111100000001100111100101101001001000010000000001010000100000000
01010100100010000000001000111000000011000000000010000001101100110110010010000001000001100010001000110
10000000010000100010001101100010110000111000000000111000000001100000000010001010000001001000000001011
01100000000000010010001001001000100000100000010100000000001000001111000010000110011110000000001000110
01000110001100100100010101000101011001010000110011110101000010000101000010000001000100110000101001100
10000010000000100000000000011001100100000000110001010011000011000000100001001010100111110000001000001
00100000000000000001100011001100001000001100000110000001001010100101110001010001010010100111000001000
10101010000010101100011100101000010001100000111000100100001000111010000000000100000000000001001101000
00010100000010100101010000010000000101101000000000000010000010001011000001001100000000000101000010011
10000000000100001001101010000000000010000110010100011000001010110100100011001011101001000000000010010
00110000110000000100011100110000000001001000001010010101110011100110100110000001010001001001000111101
10010001010100000000010010100110000001000110100100000111001010010001001101001000111000000001001010010
01010010101001000001001000000000000110000000010000000101101001000100010100000000101100001010001001000
11110000010000010000010010010101110100011100010100101000010010100000010101110001001100011100010010001
00000101000100000010100001001001010000101011011001000100000100000001001000001010001000011000000011001
10000100110001100101001000101100001010010101010100100010000001000101000110110000100000000000000000000
01110110101101010001001000100100011001110000010000000000000000000010110000010000000000100111100010001
00100110110000101010101000001011000000001100000000111000101000000100010000101011100000000100001000110
0010001000011000010001100000000001000011001100001010010010100100001110101010000010011110000110000110G
