S0000100100000001100100100010000000001110010011100000000100011010110010001000000110100000000001010000
01000100000000000000001001110111100100001100000001000000111000000100001000100110000001100000001011001
00100011000101000000000000001010100000011001011100001111011001000000010000000000100010000100001100000
00111100100011000000111010000001010001000100100000100000101010110000101000110100101000000001111011000
00100100000000100000000000001000111110110010100101000000000000100011001000100001010000000000010010011
10110001000010001001010100000000010010000000000000000000000000010000000000011001010010101010000001001
00010000000000000110110101000001111000001000000100001111000001000100000000010001001100010101100000000
01100111010000000100010001000000001010010101001100000110100001000000000000000110111000011000000000101
10100100010000001011100100001000001001000001000000110101101000000100001001110000000000000000100001010
00100001010000000010011001011000000000100010010010000100001101100101001100100011001100010010101001000
01000000001001000101010000000001000010110110100000101001000000110001101010000100001000110011000001000
11000000010111101000000010100001110101000000000010001000011000010011101111100000100000010011011100100
01000000101010100101000010000000000100100100010010000000001100000000001000000100000010010011000011000
00000011110000000000101001110100010000111010000000100000110000110110100000001001111000000001001100000
01000100100000100010110101100010000010011001000000101000100110110010001110100010000000000000100011000
01000100100001000010010110001000011000010100001010000010000010000010010100000100000100010100010000100
00101000000100000010011000000001100001011100100000000010110001001000010110001000010101101101101101010
00000011000100100000100000100000000010000010000010000100000100010001010000000110000101100000000010001
00101000011001110101111010010000011010000001100000101100000000000000001000000000001110000001000010000
11000001001100001001000110110000100010100001001111000010000000001010001110100110111011000010010000010
11010010010000001000100110001010001001000101000110110000010111001001000001000000010000001000011000001
00010010100001000001111000110001010000010011000000101111000100000100110100001101100101100000011000000
00011000101010001100000000011001010010011000000010010010000001010001111010100000001100010111010000000
00001001011000000101000001110000001100000010011000000001000010100000001010001000101000011110010000000
01000100001000100001100000011000010011100000000010001100000100110011100001101001100000010000000100000
00101000000001000001010101011000000000100000100110101101100000100111000110000000101010001000101001110
10010000100001100100101011010010000000010010000010010110000101100100000000000110101100000011100100111
11110001010010010010010010110011100000000000100001001000100010001000011010010000101001000001100100001
00100000000000001001100010000111001001100000010010000000100100011010100100001100010000011011000111000
00101000000000000001010111100000010010100010000100000010000100001010101001100100000000011000100000100
10010111000010100011000001010100001000100010110100001100000000010100100000000000000010110101010010001
01111000001110100000010000000000001001001100010000000001000000010101101110000101000001001001100000001
01000100111010000100010000000100111000000100001010001100100110100010000010100000001100001000000001000
01000000000010000000111000100100000100000000001000001100110010110110000010101000000000101000100001000
00001011000110000100000000001011001000001000001000000101010000011001000010101000000000100101011010100
00111000010000000010000001000100000011000000001100010010100000010100010010010000001011101001000000000
11010010000101001001100001001001110000011010000000000010010000110000110000000000000001000001000001101
00101010000000000000000011100011001110001001101000000000101100100110011000001011010000000100111000001
11111001101100000001010010011110110101001100110011001100000110000001000010001100000101000100001000110
00001000010001000011011001000110101101101001101000010000100010110001000010100001010100100000000101000
10100100000010000000011010010100000001100101001010001010000000010101010100100000000100000100010001000
01001011010001000010001110100011110000101100000000010101011000000110010100001010000110010001001000100
01010100000110110000000001111000000100001000100011001100110000111001010010001000000000000000001000100
10000100010001100100000010010101010010000001011111000101000100001000000100111000100000000000000110010
00010000111010001101001010000000000000110010101100010010101011000010000000001100101010100001000001001
00110000011000001001010000011010000010110011000000001001100101011000001000010011100000001110100000001
10000011000000100000001000000010110001011100111010100110101001001001000000000011001101100011100001100
00100000010010010010000000000000000110011010000000010010001001001000101000110001000101100100100110011
00000101110100011100100001000010000110000001000010100000000010010010000100110001000001000100110000001
01010100001000011000000010001001010001100001000001000100000000000000000000100110001100011101010010000
01000001001110000000011001100001000010000110001011000000000000000001011111001000000100000000100000000
11000100111000000000011101111010100101001001011000001001000111000110000101000000000010100110000110001
00010001001100010010000000110010000000010001010000010000000110100100000100011010000010000000110010001
00000000000001001001010100110000000110000111000101100001000010111000100010001000000000010000010101101
00110110001011000000111000000010010111101010010110010000010010000010011100101110010100000000101010001
00011110000011100011000000000000000100000000010010100000001010001000001001101010011110111011111101000
00001100001000101000000000100010001100000010001111101000000100100010111001101000001000001001000011100
00100010010110111011100011100001011110001110101000010000000000001001101100101011010010000000011000000
00000000000000010010000000000001000000011000010000001000110000010000100100011001010010010110001011000
10000000000000100000100111100001100000100110100000010001010001001000100100100100001010110010000000010
11000000100000110100010110001100000000110001000010000000001100000000101010001001101000101100110100101
00001000010110001001101000000000011001101000000000011000100000000000000000000001010000111100010101010
01001001100001000001000000001001001001101000100100000000000000100010010010101000011000000001000100000
00000000001000011110001100000000100100100100001010000010100010011100001000001101001110000010010000000
00001011010000000000001011101001110000000000000100001100000001000000100011000000011110000010101001110
00001011001110000000000010100101001110100010011000010001001000011001000101001000100001000000010010000
00000011000010010010000000001001010100000001001011001000000010000011000101010000000010000000010011001
00101100000001010000000001101011000000010000000100000001101000010000000001011000100000000011001001000
11011010001101001000010010001100010010001010000101001000000010000100100001000100101110111100000000010
00001010101000100100000111000100010100001000110010100101000001010011000100100100010010010100000100010
00000000010000000000001110000011000000100010010001000010000000000000011011001011000000001110001000000
10010000011000000000001100010101000000000001000000101110001100100101001000110001001011000000001100000
01011000000100010000000101100100100001101101000000000101000001001000100101000011010000000100111100000
00010001000101010000000110001011000111011000101000000001000010000000100001010100000000100111100001001
10110001110000000001001101010000000001000000001010110001100101010000000011101010010001000000100000100
00000001000010010101000101110011000010001000010011000001000110100100100000010001000000000001000110001
10011000101100000000000000101000000010100000000000100001000000000000000001000000000010011000000111001
00000100010010100000000000001100001001100110111010100110110000011000000011001000101001000100100000000
00100010001100101000001001011100000000100110010000110110110100000001100101101010001000110001010100000
00000000001110001101110010000101101000000010000000000000010000000101000001010110010100001100001001100
00011010000001111000001000110000000001010011010000010000000000000000001010100011001000000001110111000
01100010010010001000000000110000000010000100011100111110000001010000100011100010000000001000010010110
00000110000010001001011000000000011000000000000000010101000011111100010101010100101000000000000000011
00000000100010111110000000010000110011010011100001000000000010000000000010011001010101101000000101000
00100000001101000000000110000101100001000010101100110010010011000101000100010100110111001001000010001
11000011110111011000010001001010000100010000001100100010000000100000000110110010100010011100000001000
01000000010000000110100001000000100011000101001100011000000100001000101000101100001000001000001000101
10001101100001010000100010100101000000100001000001010001100011100000100000110100010010100010001110100
01010001100000000111100001010000001000100000000100010100110100101010010000000010101000010110110000010
11000101000010110000100001100100100000010000111100100100000000000100010100010000000001011111110100011
00011000000100011010000001001100001011000010001010011100001001000100100001001001101000101001001000000
00000011000101010100000010101001000100010100000001001000000010000001110001010101000100000000001000001
10100010010010000010110100010111001000100000010101001110000110000001000000001010010100010101010010110
10110001000000111000010001010010110000010001101100010101000000101000100000000001100010000101000000110
10110000000101001100010010000011110000000101000001010001001000010000001101000011000001010001100101001
00100000000001100100000001011000110100101001000100100000000100000000001001010001010010000000000101000
10001000001001101000111100100010010000100101010010001001000001001000000010000111000001001000001100010
01000010001011000000001000000110000000010001111001000001100000000110011000110010101010010000100000000
10010100100011000000001010010010010011010001101011000100110000000001110011100010110000000100000000000
10001000010000101011001001001110001000000000010000000110100101111101100110000010010110110000000101001
0000101000100001101010001000010101000001000100110000010010010101001001101010011000000000001010011100G
