S1011000110011101100010101011001000010101011110000001000011110010000000000001001100001000100110000100
01001000010101000011011001100110101010110000000000000000010000000101000010000000000010100001001110110
01010000000010010000010000101011110110010000100000000000001010001100100000001000001010110000100010001
00010010010001000011001000000000000000010101010000010001000000000000000011010110000101010010101100010
00101000110000001000001010110100011111000010110011000000000000100010010110100001100100000101010010100
00010000100000100000001010001010100101000101100000000101101000011000010001001000000001010101010000001
00100000001000001001000000000000010000000000000110011000000000100000000000100001101000000101001000001
00001000001100000010000000100100000000010000100111000010100100011000000101111000100111010000100100000
01001000100100000000011011000011010000000001110001110001110000001101100110010100001000001100001010111
00000110010100101010000100000100001000001010000010000001001000011100000000010000000111001010100010001
00111000010010000001001101001000010000111010001010000100000010010100000101101000001000100101000000100
00010010000000001000110001110100110010000001000000001011000000010010000000100010000100110000100000100
00000011001001000101100000001010010000000010001000001001000011000001100111100000001010100100011100010
00100001110100011001001000001011010111010001000100100010000001100100001001100001010101110100000000111
10000010010001000000000010111100110000000010010001101100000000111000000000100100101000100000010001000
01010000110101111101100000010110101000000100100001001010000000000000010001000000000000000001001111010
00100100000100100110000001100100100110011110101000000111001001001000001100001011011100000001101000000
00000100111000010100000001110101000000011000100000101000000100001001000010101000010000111011000000010
01000001100000101010001110000010110000100000110000100100000110101000110100001110000011100000000000101
00110011011000110000100000000001001101000000110100111111100000000001111100000100100001000000001101000
10011000100010010000100001100000101000011101000000000000100110000010010000100000100010000010100010100
00011101000100000010000000111010000010010100001010100110000100000010111000100011110000000101001010100
00001010000010000001000010001101010101000001100010010001010001100010010011001100010100000000000100101
11000000101010111101001001100000000001110000101110100001000000001000100101000010000011010010000010010
00000110101000000000010001110001000100110100000001010100011010000111000000010000010001001000110000000
01000010011011001010000000100000100000000001000100100011010000110001010000010001000000000010000000000
01001010110001100110100100010001100011000010001010000001001001010000011100000010011111000011110010000
11000000101000000100000000011111001010100000010100010110011000111000000000000001000100000001000001110
00000011000000000010010101100110001100100001100100000001001000000000010101001001010000000100000111000
10101011010100011000100000000000010110100000000000000000010010100000111001000011111000100000000001000
10011100010010000000111011101101010000111001000100001001110101001010010000000000011100010100110110001
00000010010110001100000010101001000100100100011010010101010110111001000100010001010010010000000000000
01001001001100000000000110000000011000000010000101000110100100001110000000011011010011000011101010000
00000001101001001010000000000100000010011100010001000001001110000100010100110000010000001010000000000
00000000000100000000010000010000001000100010000000001000000000010000100011000100000000100010101001000
00100000001000000000101101001100000001100000000110000001100001010100100111000010000100010000100000000
00010000001000000100100000000000000000010010000010010000100000000010000000011011000000001000000000100
00001000101100000000101011010111000011000000110101000110010001000011000010010001000000000010000010000
00000100101000000101101011000000100000000010011001001010000010000000000000000000100011000100000001101
00000010001000000101011010100000100000001000001111110100000001100000010110000000101101011000110001000
00010011110000010001100100011000000110101001001000000001101110110000000101100000110111001000000000100
00101100100010010100100010010101100100010001001100010000010100010111001001111010011000010010000000000
01001001001000001100000010001100000110000000010110000000001110000010000010010000011001010000010101000
11100110000010100100001001010000000000111011001001000100111000010101001001100000000000110010100010010
10010101100000110000000010000000010000000000001100001000011001100011000010000110101001101000011000000
00000100010100100000001100000000000010000101000000000101000011001011010001001001101011000100001000111
00000100000001100001100111001010110000011010110100111000000000000001001000100000000000000000000101101
10100010001000011110000010010100101011011000001000000100101000000000110011100100000000100010100000100
00001000000010101000000100000010000011100110101001100000001011111100000000000000000011001000000001000
00000101110000111000010100111001011100001010000011000000100010101001001100000110001011000100100010100
00001100100001000000010000101001100010101110000000000001000101010000100010001001100001001100001100000
00010000100001010001000110010000010110010100011001000000010010000000010001000001010100100000000001000
00000010000001010010010111100000000101000000100100000001100100000110000001000000100000001100100100001
01010010000000000101101000000011110011100100001100100000000000011000001001010110000100000011010010010
10100000010010000000100001100010000100111111000000001000000101110010001000001010100100000000100010111
10000000010010110010000100100100011010000000011000110100010000000010010011000100111011000000110010000
01011001101110010101001001101001000000001010100000100100100100001000000000010100001100001010000000101
10001010010100010000000010111111000000000000010000000100001110010100100000110100001100001001001110000
00101000101001000001000000010000000000100011010001000010000010010010000000010100010000001000000100100
01100000000000001001010001011001001100011000000011010010000000110010000000010001011000001011000100100
00001100001000010100000001010100000010100000000010001001110101000000100000000100000000100000000000010
10110010011010000110001001100000011000010110000001000001000000101001000011000001101001000000101010101
10011111000000010010000010100000010101010100101100000100000001000100100001000100111100000101101001100
00000010011111110000011110110101000110110001110111010010100000000110000001001100000010100110000000100
00000000111111100101100001000011000000100000001001110100010011110100000111000000000000000000010000000
00010100010000011000001010000011000000000000101000010000001000000000110011100000000000000000000110000
00011001001001000001010001000000010100100000101110001101101010101000000100010001101000010000110000000
10000101001011011100010110101100011001100100101000110011100000001101000010100000000100000001011000110
00000001100011000100000001000010100000001000100010001010000110010001011110000111010010000100010000000
11000000100111000000111101100000011000101000100000100111000000000100000000110101000000000100000100001
00010101011000100010010010100001101001000000100001001001010001001011010001110101100101000010000111011
00001000000001001100111001011001010100010000000011011000100010110001001001100000001000000111000010000
01011001100100011010010010100110011000000100000000100001000000100011000010001000100010001000101000100
00101001011110001110000011000000100011010110000000000011100000001011000001000001000001000110101000000
00010011000000100111000011010101101100001000101001011011010001000010101111110100000101010011000000000
00100000000000101001111111101000101010000110000101011000000000011000001100000001001100000001000001000
01101000110000100010010000000010000100111010110100000010000010000010000000010110000000110001000000010
00100110000000100111000000010001000000010000000101110000001110000001110101010001100010100000000110110
00110010001100100000111111001000100000000101001001101110110100001100010001000100100000100000011000100
01100010001000000000100010000000000000000110000001001000000010010001000000000110110111000001001000001
01100001100000001000010000000010000100101000011000011000011011011000000100000000000110101101010000000
01110000000000000010000111000101000000000001010011100110001000011101000000000110000001010001001100000
01000000000101000001011001001101001101100000010011000010111000000000100010001001000011011001001100001
00000001000111001110000000001010000000100101101100010101000100010000011010010101011100000000001100000
01010000000010000000100000100100010100000101100101000000100000100000010000110010110011000000000011000
00010010000000110100010010000000110001000000010011100010000100010000010000001110000001000101111100110
00000000100000010000011110100000011010101010001100110011101100000000100000100011000011001001100010000
11010100010101001000110100001000010000011000101001100000101000000110010000000000001100000000000001100
01001001001010110011010000000000000100100011000000111000000101100100010110010100001111001011000100010
01000001100101100000100000110000000010111100101100000010100010000000000000000000110110001000100001010
00000011000101100010101010100000001000010101000100010001010010011010001101010101000011001000100110001
00011000011000001000010100000001001000000010110001001001000011000010100110000001011010100000100000000
00011000011101000001000001100000001101010001000100000000100110100000110101010000000000101000010000100
01100100101011100000101000000100100010100110110010010110010000000111001100100100000001001000100101011
00011010000100000110010000010000000010001011001000010000111110100100111010101100110101100100010100000
00001100001000101000101000000100001011000000001000000000011000000100000010111010001100101000010001100
11000000010100100010000000110001000100000011010000100101001000100000011100101000000001000110001000110
10000000001000001000000000000000000010100000000000010111101000010010000000000000100100010110000001100
01101010011010101000010100000110000101010001110101000011000010110000000000000000000001100101000001110
00000010001010100101010110100100000000101010010100001001111010000011011000000000101100011000110000000
1011010000100001101000001010000000001001000110010000000100100000000000100101100101010011000000100010G
