S1101101010001001111000000101010100010000011000010110000001101000010010000000110101000001000001110000
00000000110011110000000000001010000001011000111110100001000001000010001101000110000100111001101011101
11100101100011011001011001110001011000010000000000000001010100100000101000100001000101000010000001000
00100000100000010010001011000001100110001100000000011000010000101010011110100011111000000000001000010
01000010000000101001000110000000010100110011101010001010000000100111100001000100100001000100100010000
10000011010000100010100100000001000010001000000100001100100100010000100100100110011110010000010000101
10000011101000011001000000010110101100010000010100000001000100100000000001010000001100110010001101000
01000000001001011001000011001110010110011000100100011001100000100011001001001000011001000110001000000
10100100100000010000000011110110001000001100010000001000011001010001010100110100100010000000001010101
00000000000100011000011010100100001100010000100010000100010011001000000001000000010100000100100001000
01100100001100101000000100000011000000110100000100010110010011001111010000110010000100000000000110100
11011000011101000000000010000110010011011000000010010010101100001001001110100101000111011110010000000
00000000000100000100000100001010010100000000000001001100000000000001001011111000000100010011001010010
10010111100001101001001010100100001110001010010000011010110000000001010101000000100000010000100010111
00001000000011001010000100000110000010110100110000100010000010000000011000101010011010100101001001001
00011000010000010001000111010101100001001001001000111101101000010110010011101000100000100010111010000
00000001000000001011000100000100000001001000101111001001101100000000000010010100100100000110010011000
10100010011000000001100001101100011010000000001000000000100101100010000101000010011100111010110000010
01010100000010011000110010001000101001000010000110001010111000011110001011011100001000100000011010010
11100001100010101010101010000001001001001001110100010001010000000111000001000010000000001001110000011
00001000000110010000010010101010001011000011011011100111001001000010001010111000100000101001000011001
00000000101000010011010001101010000001010010000001000000100000010001100000001000000010001010010000001
00011100010001001100001101010100001010000000011101011000100110000001000000000001100101000100000010100
11001111111000110100001000100100000001111000000000011010001000000000011110000000000010101100010001001
00011000001100100010011010000100110100000000000000001000101100010100000010010010100101000100010001000
11000010000000001010010100010011001000000111100011101000011001000000010001000011000001001100101000001
00100011010000001001010001000000000100010010110001011100001100001000000000011110111000001000000000010
11001100101101001010000011000000100000000000101001000001101010100110000010010101011011010010010010000
00001001110010001001000011100110001110101000000000101010000000101101001100001000000001000011000111100
00101011000000100011100100010111010001000000000110001011010000010000001100000000100000101000000100100
10010100000000110111000100000010000000001101001000010110000010110010101101000010000100000011000001000
00010100000100011100000100000000110010000000000101000011100100001101000000100001001010000000000100000
01000001000010100011011000001100110100000000000111111010100010010001000000001100000010010001100001011
01011001000101000000110111100000000001000100100010010000000000000010000001010000011001100000100110110
10100100000011100110100000000001010100010010000000000000000010100010110100001100100011000000111100010
10101000111100100010001100010000101000000101001000010001010000000010101000111000000110000000010001001
10000101001000100010100001010101000010010011110100010000001000100001000101000101000000000000000010001
10110000001000001000010000010100001000100011000000100011011000000001000001100101000000011100101010010
00001011100101110000001101000000100101100000000000011011000001100110100010000101101010000000010001010
00001000110100000100011110000111011010100000000000000010100010001010100110100001010001011001000011001
01100100011011000001110001010001000001010000000000100100001000000101010001000000000000010000000010010
10001000011010001010101000010000000010000000001111011000011010000101000000000111000010000101101010000
00000001000101011100000111111001010010100000000011001000100111000010000001100010000000001000001000000
01001000000000011100011010000001000000001000001100010111000100010000110001001010010001000101110001000
10001001001101100000011100100000100100110000100000001011000010010110100010110000000110011010100001001
00001010010100000000110010000110000100010011000100110000000011000010000000000010011000010011000001000
01011000010011101110001010010010111011001110010100001010110010010000011000000110101010001011010000100
11000101000000010001000011001101101101000000000000000000000010001000000010111100010000010001000000010
01001100000000000000001111000001010010010100010100000010111001100000100001000010010011100100000010001
00010000010110100000001000100010001000101000000001000010000010000101000100000100011100001101010111001
00000100100001000101010000001100000001101000001000010000101000101001110001000010010000000100010001010
11110110010010010110110010000000000000110000010000000110001010010010000000100100000110000000000100001
01011100111000010101010000001000110010000000100001100010010000000010000010000011100000111000000000010
11000000000100001010010110000000011000110000000001000001000010010010100100010000111001101101100000000
00000110010001010100000110111010000111001010100100001101010000101000001000001000010001100001100001000
10010101000001100000000000001000000101000000000011000000000010001100001011000000001101100101101001000
00001000010000001100001000000000110110100000100000100110010010111000000001011000010000010011001010000
11000000000010000000000010011000010010000000011000101100100000101110100000011000000100010000001111000
01001101010101000010110000001000010100111001010011011000100001000010100000100001110111000000111000011
10100010000100010000000010010000110000100000000000110011101010000110110001100000000010000000010001000
10100000010000101010110010000000100100110110100000000000110000111000001000010011000001000100100010100
00010011000000001011010100010110011000101000100000001101001000000110010000000010011110111011010100100
01000111000110010100101000001001010000110001001100010111001010000110000000000010100001000110001100011
00001000000011001000101000001000010000110000000010111100000000000000100000010011110011000000000101101
00001000000001111010101000000100000110000101001000100000000000001010110100100000000101000000000100000
00010011100011101101000110101101010011100100001001001000010000010100001001100000100000010000001000010
01000000110010000000011000101100011000100010011000100111010000001000101010110100101110001000001000000
10111001000001000010100100110000000100011001010000010110000010100100000000010100010000011000000110000
10011001100000001010101100010100100001101010110001000001100000011000000010000000010000000000100100010
00010100011001011010000101000010010001101100101001000000000111100100010100000000101000000001011001011
00001000111010010000001001100011000000010000010010001100100010011001001000011000010000100000100000100
00000001001001001001010001100110010000000010100000000000001100000000101000001010000000000010011000001
00010000110011001110000110101001000010100000010100100100100000001001000000001000000011000000101000010
01000100010000100100000101001100011010000001110101000000001000000000100001010010001001101000100101001
00000011100000101101101000000001010001100100010001001100100101100000100010101010110010001000011000110
01011100001010100000000000010001000000100010100001000010000000000000010000000010000010100101010010110
10101000011010010010110000000000010000100000000000000110000100000000000100110000101001011001010000000
01011100100110000101001000010000110000110110000001000100111001101001001010001100110000000001010101001
11101100000000001000000010001000100101011100000000101010010001000110010100100011010101100111000011000
10100000011100010001000000110101000000001000001000000000001001010000110100000010010000100100000111000
00100010000100010000000000010000001000000101000000000100100000000001110011101100010001000000001000001
00000110000001001010001001101001000000100001000000000101000011111000000010000001000101000011010100001
00010101010001101000101010000000000001000000000001110000001100000000000001010000011001001111100000001
00001000010000000000110100001000000100101001110000010101001000000010011000000000000110010100111101000
00000111000100010000001100110001000000000101000001101010001110010000010000101000000001001100000101000
10000100100010000000000000001010001001001010001100000001100000100001101101000001110100000000010000100
11100010110000010110000101010010101011010000010000100101010101100101010101010000010001000000000001000
00000100000010111000100010001010000101010000010000101101000010000100010001001100000001010001001010100
00000000000000011000110001110100000000000000000000011100100100100011100100001100100100110001000001011
01100100101010000010100100001010100000000000000110010000000000111111000011001100001000100110000101001
01001000000100000000101111000010000010000010110110010010000000010000011110100101010001110001000000000
00000010000100100000000100010100000000100000101010100000111100101000010010010000110001000101100000000
10111010000010001001001001000000100010000101110101110000000000000010111010000100010000100001010011000
00000001010100110110000000000000010010010100000011000000000001101111000000000011000001000001000001010
00010100010011000001000010101100000000000000000001001111000100010110010011101010011101001011000100101
10100100111000000000001000110000010111010000011100000101010101010010100110001110001010110001100000101
01100000111001100000000000011000000001100000011010001000001000000000000001000000000000000111000000000
01000000000000001110001000000010000000100000000111000000000010010110100000000100000000000000011010101
01010100000000111000000010100000000001000001010000000100101110000000010100000010000000000010000000001
00110110111001000011010010001100011000000000001100010100100001000010101100001001010000000001110010010
1011011000110000000010101000011010101000000000111000000100010100100011000001000110001000000000000001G
