S0000000001100001000101111000001011000010101001000010100100001000000001000101110001000101100000001000
10000110000000001010000000000001000100001010010000010000010100101000001001000011010000100001000100110
00011000000000000111110100001110101010000010101000000000010000000010000101000010001100001000000011010
01010111101110001001110110000110000100010001000011010000010110000101000101111000000000010010010000000
00001010100000101001000010000011011001100000001111001011001001000000001100001000100010000001000010001
10110000000100000011000010100000100111001010000100000010100110000010010000001110010011100000100100000
11100001011100000110000000000100000000001000101010010001100001000000100110000000010010100100100010100
00001011000101001010100001010010000101110100011111100000000010010100000111000001111000000110010000100
00100010111110010100000001100001001010100100000001100001000000001000000000100010001000000111000101110
11011000000000000111000100000010110110011000001000000000000000000001000110010100000100000010000000001
00000000101111000000001010000000001000001000101101110010110100001000010101010010101110001100100011100
01001000110100000000010100001001000100110011000001000000000101011011110010101010101000010000100000001
01000010000000000011000011100101010000101000000011000001011000010010000001100010001001100010000010001
00110010001000010011100000111100000011000000001100101011000011000001011000101000000000100010010010000
01000000001000000010010000000011000001100000000010100100000000100000100100000010001000000000100110101
11001000100011101000100000011011011000010001010001000000110010000000001010010010010010010000011010001
00111000000000100010111010000010010100010010001011100000110101010101000001000101101000000010000000000
00100000000001001001000000000000001001000100000100000000000001000000100001101100000000011000001001110
00100000000000000011011000000000100000000100101000101000100000000000000100001100001101000110010001100
10001000001000110100000010100101011100010000010110000010000111010000001010001110010111000000000000100
10100001010000101011100000100011010001110101000101000001101100111000000011000000000010000001100000000
01010000100000000000100001000000000011000000100011001100000010001001001001000000111001000100100100100
00001100101100100001010011110011000000010110000000010000010001010001110100001000000100011110100110000
00001100111100010000010100000001010000001100010001000100111000110000001000011011010000000000000000000
11001000010000100010001101001010100001000000010001001001001000011110001010100010101111001110000100001
00101000000001000110100000000001001010000000010011101000000100100000000000101001000000100000011000100
11001011010101000001000000000100000010010000101000000001100100000010000001010001110100001011010100001
00100000001010000101010001001010000000001010110011100100100000000000101100100000010000010101101000101
00001010100100010010011000000110000000010000100000110000110000001000110000100000000011010010000001101
01001000110011000001110100010001000100010100000010101000101001100100101000001000111000001110000001000
10001010000000101100101110000110000000100001000000001010000000011010100000100000001101010001010000001
00100000101000110000100011001000000101110010011011001110101010000101000010010010100001001000010101000
00110000011001000000000010001010010100011100100000100001000001110010010000010011100001000000100000010
00110010011100001000011010110100000010000011001001001010010000110110101101001000000000000010000000110
11101101000101100011000000101010100000010000100000001100001100000010100000010111010010000110001000111
00001000011000001100010001000001110000111000011010010000101000110100010101000000110100010010000000000
00000000000000100000001100110010001010100001101010010000011100011000010010010000110010001100111100011
00000001000000110110000000001000010001100101001000100011000010100000001010001001000001100010100101000
11111000000000000100010110110010110010001010110011000001110010001000000110101001001000000000001100000
10011010000010000000010010100010010110100100000100001001000001110000001000000000000000101000001000010
01001000100000000101111000101110000001001010010000000100000000001001001010010000101100001010001001101
10001100000001010100000110110100000001110110000110110000100000100111001000000100011001001000000010000
00000100011001101000010101010000101000000010000000000110000000000000011000100000101100000000001000001
01010100010000110000010000110000001101001000111000010010000110000001010010110000000000001011101011111
00110010001011010010011001010001101010000001000001111101000010001001000101000001001101001010000100010
10001000010000001010100001000001010110000101001100100001011000101010000110111100010000010000000000000
00010010010001101100111101111010000000001000000010010100000101110000000001100010011010000110100001100
01000010000100010010000010010011000000000100101001010000011001000000100000011100110100000111011111011
00010001000100010010100000000010100110100100101000000001000101010000001000000000100000000000001000000
01000101000000000110110101001100111000100001010000001001011001011110000010000011001000010111010100111
00010000110111000010110000100000100001000000000001100000010011010001010010011001000000011011100010000
00011010010110011100000111000000011001010001001100100010100000001000010000000100001001001000100000011
00000100001011010001011010001000100001100110111001001111100010011001000000111000011100000011011010000
00000000000000001010000100001001001000010000000000001100110000100001101101111010100101000000101011000
11000010001101000000100001001000111000001001000110010100001110001110010011000000000001001000000100110
01010111110010101010011000000101000111010001000000110111101001100001010010111101000000000001111100000
10000101001011000000100001001101010110000000111000010000000000011001100000001010010100000001100000000
11101000100000000000000000001010100010110100000001110100000000110000000100000100101010000010010011001
01000000000010100000000000101010000000000000000000100010100110011100000010100000100001011001000000001
00000110001001000010001110000000001000000001001001011101000011001100101011000000100000101011000001100
00100100001000000000010000111100000001100000100011010001000100101010010100000001100010100001100000100
11101000110000100001001001010000000100000001001010001000100001010011001000000000001001010110000100001
10000001000001010110101010001100011000010101000110011010000010100100100000100000000011001000010000010
00111000000010100010010100000010001010011000000011000000000000000010010101000001101101001000010001010
00110000011000000101001000100000110001000000000100101000000001010110010010000000000100000100010000000
00010010000000100001000100010110000011000000101001100000110101000000000001010000000000000000011110001
00010100011111000010010110001000000001000100101100000100011101100110010101110100110100000101011100000
10100101111010000101000000001101011010010100001110000000010100101100010001011100011000000000000010110
00110000000000011000010111000101010011001001001001000000001010001001000000110000010011011100001000100
10001000001100001010010000000000101010100000000000001111100000010101001000100011000101001000000000100
00110001100000100000011011000000001100101100000001000000000011010110000010011010000110010001100000010
10000100100110000000100001000010100110100001010010000011000010001000101011010011100000100110001000010
00000001000000001100000000000110010001000010100101001001101100000100000000000011100000110000000011101
00000110000001010110001100000000100000010000000111000100001010000011100011110011100001000100100101110
00100001000001010101100101010010001000100000000101100000000111010110001011001001101000000011000011000
00001000100000001001001000101001101000100101110010000000010010000000010000110010110111010000100110100
10001000011000001111000001010000010001000000100110000011010000100000000010000001000010100000000010000
00000000000000000000100000100000011010100010001011101000000111000110010000100000000101100110100001010
01111100001110000000000111010101001000100011011100011010000000100001010000000001100001000001101000000
00000000010000001100100000000000011101100100000011010100100010100000100000001001010010000000111100010
11001011010001110001000010001011100001100000001000000001111011000001000010000011000010100011000110101
10100010101000010000110010100010000010000110001001000000000000100000110001100000101100100100000100000
10000001000000010101010000100010100000100110000000110010010000010000000010001100101000000000111000100
10001100100011010000001000001011001100110000101101000000010001101001100100001000000010001100001100101
00011000000010000100000010000100000100000100001000001010000010000010100000000100010000000100100010001
10000101110011000000101101000000000000000110011100010101011110100000001101000100000000100000011000011
10000000010100000011011001011010000010000001000100000010010000100000110100000000001000010001011000000
00100010001000010100001000010100000101100011001000110001110001110010000010001000101110010110000001010
10101000100000110110010110010101000010101011011100001100000010000000001100101011000100010100001010000
00001000000000001100010100000010100100000100010101000010101000101110100000110101000100011011101001100
00100010100001001001001000001100101001111100000000101000011000101011001000000010010000001001000000101
10101110000100100000100111011100000001110000000100100000010001000000100010110001001010001000000100100
00000001000010000010100010111100110001001000010001010000000001100010000000100110100010000010101000000
00010100101000000100000110100110001100010010110000000000001000000110010011000000000000001010000000100
00010010010010001011000000101100010011000101001001011001000000000010000111000010000100100100000100100
00001100000011011100001001000000000001100001001000000000000000000101010110100100000110010010111000100
01100010000100000000010001000100010100000001001000110000000110000110000010110100011000010010000001110
01000000001000001000000100101101000010110100111000011100000001001110010100001000001000001000011100100
01001001101000000011001000110000010101100000100000101000110000000001000001110100000100101001011001000
00001001010000011001001111010000010000010100000100111010000010001110100001010110010001100010011000010
0010100000001001000000000000000001111000100100010101001000001001000000100000100100001100001010000000G
