S0001000000100110010000000000100001110100000001011101000000010010000110000111000000100010000001011010
01001101110010010001000011010001001011000000100010010100010010000111000000101000001111010000011100000
01100000011110000000100000000010100000010001011000000101000010100000010101000001000000101010000100000
00000011100100000011001000000101000101000000100100101100000010011000000001001000011010110000011000110
01000000000010010010010110000010000100000000100001100100001011000010011000100100000111001010100010011
00110100011011100000000100001010000000010001101101110100011100001101001000001000111101000000110011011
01100001001000010110010111001000010001000111000010000000100000100100010000001100011000100000101000001
10100110100001110000000001010000110001010101100000001000000001000001001000000100100100010000101000001
01001100010011001000001000001000010100001010000000011100001000001101101001010000010010100011000011110
00000000010000100000101010111011001110010101000111000100010000100011011001000001001000000000100000000
00000000000000001100110101101111000000000100000100101011101110000100010000100100100000010000011100111
00000101100001001011000001000000000001100001000001001100000110000010010000000010000000110001000001000
00101001010101001110000101000110000000000000000000110000000001100000100001111100101100000010010011000
00010001101100101001000101010111000000001000000110000000000000111110000000100000100010010111010000101
10000000110000010100000000011100010000000000001011000011000011000001010000111000100010010001000000000
00001010001000010000100111010001100000001000011000000000100000000110010110000011000001101000000001000
01000000101000000000000011001010100000101110010001100000110111000100001000001000101010000010000000101
00111010001011010110001100000100100000001010000001011001110000000100000001011000000000101000110001010
00011001000001100001011000001001011001100001101100100010000000010111000101001100000011001000100000010
01001000000001010001100001100000000000010100000001010100100000011010000000001001011101010000010010001
00110001001000000010010000000110010110001010000001100100001100100001100110100111110010001111001000100
00000011101000011000100000010001000000101001000000110011000001000101011010000001011000011000100000000
00100100010100011101010101000100010000000011100000001000100000000001101000001000100000000100100101001
00000100010101000110101100001000000101101111000010001010000101011110101100100000001101000001010001000
00010001000100001101010001010010001000000000101010110101101000000101000010010001000101101000000000010
00000001000100000110010000001010100100000000101110000010100010000001001000010001100010110010011100010
00000000000000001100001000100100101000000000010010000010010000010011101110001100001000100101101100100
01011010000000101001010100011100000000011110000100000001000001000001011000000000100011010001100111000
00010111111000001010010010101010000001100000000100000011000110100001001000100000100110001000001010100
01000000010100101000100110000100110011010000110000000101001000001000000010100001010001001000101100000
01011000000000000000001000111101000000100000010000011001100111001111001110001100000000100000011000010
01000010111010011010001100100100000001010000010010010000101000001010110001011000100000000000000101100
01001100000010100110000000100010010100011000100110010000000001000000000110101001000010011101001100000
10100010000010001110110000101010000000000001000001010000010001000000000011000101001001000001010100000
01000111000000100010011000100101001000001100000010001010001100000011010110000010000000010000000001110
00101010010110101100010010110100010000110101100101101100000110001110000000100011100100100001000000000
01100100000000100100000010001010101101100000000101011101000001110100000100010000000101000000000110000
10001000000000000000100111000000011101011101000010000000100100100010010000000100010001010100100000000
00110000011000001000100000100000010010010100000000000100110001010001100100010100010000011011000000010
10001001000100000110000010101000001100010000000100100000101100001111011100000001001011000101001101010
00000000001011100101011001010110010011101000000000010010000000000001010001000000101000000100000011001
10010001000100010110101000000111100000001000000000000000000111000101000001000000000011000000010000001
00001100000000010010011011010000000100000101001001000001000000010100100001110000011000100001100110010
10010000000001010000010011110001000100000000010000100010101001100001001110000100001000011000010001110
01110101000000111001101110000010000010000110101000000000010000100100101101010001000000010000001001101
00011001000000001010001001001001011000000000011001010000001000100000000010100000110100000000011000000
11100000000101010011011000000011000110001001000101000001000000000000100000000000000001011100111000111
01000000000100000001101010000100001001000100000000010010000000001001010110110000101000000110001010001
00010010001100000100100001101100001100000001001000101010000100000100000000100100011001001100110101100
10001100000000000001000010111000000110000100000001000110101000101001000000000000110001011000000000000
11000010010100100001100000111010101100010001100001100001010110000001100100000010011010000110000011010
00000100111100100000010100010010010100001001100000100000100100100000101001010000000000001110001100010
10001000000100100000001100001101101000100110001000110011011000001000011000100101000100010000100010000
01100101100111100110001000100000010001000000000000101100010000000100000101100001100000001000001010000
00010111100000010001110101010000001000001000000100101110001000110011000001010010100000011011000101100
00001000111101000000000010110111000001010000101000001000000110000000100101010000010001101010001001000
01110000000000111110111000000000001100000000101000001101001000100100010010000100010010100100001001000
00000011010000010000101100011000000101000010010100101000001111000111111100001000000000010000010100001
01001010001010000011000000011001000011010010010000101000001000100000111000100000001011000001101010000
11001000000100100001101000100100001010010000100100010010000101001000000000101001000000000000101111000
00100100001100000000100011001010000011111101100100001101110100111001001000001001100100110011000010010
01000000010011000000000000010100011011010001000100000010011000001011110100101000011011000000111000010
01000001110000000100001110001000000000000110000010100001000011111110000110001100100000100110101010010
00000000001000010011010000010011010101010011001000100100000010000001000001000010000001101000001010110
11101000101000001010000000000100001110000110000010100000010111000001100000000001010100010000100100000
01000100011100100010001100100001100011100100000101100010100100000100010000101001001001000010101000101
01100111010000001001010000000000000110100000100000111110111110000000111001000010010100110100010110011
01000010100100001100101110101101001001011000001000010001000000000000000101001101000011001011100010000
01000010011011101000001100001100100000111010000000011100000101010001110000110100000100000100000100100
00000011001011011011101010000010100101000101000001000100000000010101010100000000100011001001001000100
10000000000100101100100001111001100000000100110000010001000100101000100010110000111000111000100000000
00000000001001000100011000111000100000001000010000000000111100010000000000001011111000010000010000010
00110000110101000001001010000110001110110000000000001001010110000001100010000010000001010100000001010
01010010001100010100100100101001000000011100000001010100100000000010100010000000000001001110001011000
00010001011001010001000001001101001100000000101110100010011000100000000101101000000000010000110100000
00000000000001100001100000000010000000100000000011010000000001000100000110001001010000010110011001100
10010000000101111001010100000000010010000000000010100000000010000000010101000100000000000100010001010
01101100010000000110000000010000110000111001001000000001000111000000111010000011010000100100101101010
00000100100110111100000010000011101000000000000001000001110000111011110000000100001110000100100100000
10000000011000011001000001011000010110101001000001000100001110100000010010001000110100000100000000100
11000010000000001000000001010001000000001100100100101100010100110000000100100011000010101000100101001
01010100010001010010010001001001101010000010010010010001010000000000011000110010010000000010100000100
00001100001011101011000010000001100000100010001000101101010100100000000110001010000000000000011101000
01000000000101011000100001000010001110011001000010100100001011011011000011100110011101000001001001110
01001110010000000000010010000001101011101000000100010000100000100110000001000010000000011110010010010
00100000000000001001100010010010000000010111000001001100001100100000000101010100011010110100010100110
00000000000100000010000110100001100001100101001010100000001000000110011000000101001001000000101000011
01001010000000110100010011000000010010011000100011000100001100011001000010000010100001010010000100100
01100000000100011001001000000000000000001101000101010100010100111001010101000001011000000001000001100
00010101101000001001000001010001110010111101000010100010000000000101101000100100100010001101001001000
00001101000000011000000100010110010010010010000000001101101000001100000100101010000100001111100110100
10001110100110010110000000000000001000000101000001000000000000101010000010010011000101010100000000000
00010010011010011010001010110001001000000001100000100000100011001100010000000000110110000110000001000
00110010011010010000000100011001001100101110010000000000100000001010101001010001000110110000001110100
00100001101011000000001001001001000001000010010010000100100001100000100111111101101001100000001100011
10000001000000010001101011010000000010000100011100101000100010000011010001100101000100010000000100100
00001111100000000100001100001000110000001010010101100010001011110001000000110101100100100000100110101
10011101001100001001101000011101100100010011100000100101000010010000000101000000000011000000001101101
00001000001001010100001000101000010000000000000000000010100110100000000000010010000110010001000010000
01110111000000010101001001010000100001100100000001101101100000000010010101100101000001100011000100010
0001001000100101001000000100101101100001000010010000100001000101100100100011010001101000100110000100G
