S0010000010110100010110000000000000101010101000100101011000011001100001000010100000011000000011000001
10000011000000000010000000000000100101000100111001000000000111001110000000100100001100000000000011100
00100010101000010110011010000000000110000010000100100101000000100001010000001011110001000011000000110
01111000001100001001010100000101001100111100100011010001000000000111010110000000000000101001100100100
10001100100101011001000001110000111001100100010100100001001000000001000100000000000100100101000101000
00011010010001010000010000100010111010100000010110000110000000000000100100001010000001010000000101000
10000000000011000100001000001001000010110010100100010000000001010110000010000001100001001001001000000
01101000000001001010001001011001011000011000100000000000000010000000001000100000010000000000001101010
10001011100110000100001010000001001100000010000100011000111001100000000011101000000000000000000000000
00000000000110001000000101001011000000000100000010010100011110101000000000000001100000001101010001010
00100000010010111000001000000001001000000001000110010100101111010100000001001101000010100001100100101
01000000000011000100001001000100000100001110000110011100001000001010010100001001100110010001000100100
10101110010010010011010010000000001000000010000100001000011000000010001000000010111000101000100000011
10000010110100011110101000000001011000011010100101000000100010100000000001000101000000100100100111000
00000010010000000001100000000000000000000000001001000000100010100010000000010001101100101010000100001
00000001010100001000101000011000010011000001100000000100010001000000000010100000000000001000100100000
00001010000100000000010000101110001101010100110000100001110001100110000110000110001010010000001000110
10010100010001101110010000001000000000011000001000100100000100010101000001111001101000111000100001010
00100010001111000000000000011001000000010001011000000001101100100010000000000111010100001001000000111
10000100001000100010000001000110000000000000000000100011000000001010000100010000100010110100001001100
00000000111000001001000001110010000010111101001100000010000010010100001000101000100101000010000000001
01010000110000001100111000000010000010100100100000100100000010110000000010000001010001101100001101100
00010010001010000011000010101010010010001001000010000100001111010001000111000001001001000000000000000
10101000110000100000010101000001000100000000100001000000010000000011000001100100001100000010010000100
00011010001000100100100001011001101000000010001101000000010001000000100010001010100101011011100000000
10000100101000000000010010100010000010100001000100001010100000000000100110110100000001000110000100101
10000111101110001100011011101010110101111011000010001000100001100010000001000000000110010010010000000
00000000001010101000001010000100100000001100000100000000010100000011010010110110000101010011100000000
11100000100000010001011010000010000000000000111010000001100100000000010011001011011001000100000100001
00010001010000100000011011000000001001000000010111100010000000111001110000000000010110000011010101010
01001000000001001010000100100011000110000001100000010000100111010100100100010001010010101000111100110
00000000000000000100010001010010001100010100001001000000000100110000000101000010000100110000001011001
00001000000000110011000100101001010100101000000100100000101000100011100000000101001101000000010000001
10000000010001001010001001000001100010011010000001000010101101011101000000101000000001110000010000000
10110110100000010001000001010000000010001100000100000000100000011000000110000000000000010011000001000
00101000000101110001000001010000000101000010000101100001100101010000010000100010100001010010001000010
00000000000100000000000010000100001001000100010100011100000000000110010001000011001000011100100010010
11000101101100001110001110010011101000001010000000000010001000100000000110000000011010110010110000001
00001000010000001010100100100100000000001001011000000000010010110001011000011000000011101100000001001
00010110001100000000110110000001000000010100010000000101000110000101100000110000001000000000010010000
11000000000010011000001010001111000001000011011000101000000011010100011000101010110001000000100101000
00010001000011010010000000000000001000011111110000011000010001010000000110000100000001100000011010100
00001010000010011100000100100000010010100100100000000010000000000011000000011011000010000100100100000
10000100010001011010001001000000110011100010000000010010010001100001000100000010000000010001001011000
00000001000000001100000000000000010100100100100100010010100101000000010100010101010000000000000000110
10000010010010111001001010100001010000110010000101000101000000010011001000001100000001000000101000000
10100100000001001001000001000110000100011001011001001001101110100000111011000001000000000110000010001
00100010011000100010101000001100000010000001000001011010010110001000000000000010111001000100010010000
00010010000100000110000010000100010101011000000110100111011010000110100110100010111001000010000001000
00100001111101100010010000011001111000100000000000000000000010011001000110100000100000111010010101010
00111001101000110010100000000111000001010000111000100100000000110111000110001010000000010000001001011
00000101000100011001001001010010100100000101001110001010010000100100001000010111010000001001101111101
01101000010011010011010100000010001100000000010111011001101001000110001100100000101000000000100000000
00000000110000010000001100001110100100000101000101010000000000100000110000010000000100000001100000011
11010111010010100100010001001000100000010000000001000010100000010000100100001000100101000000010110010
00100101010011101000000101001100100100101000000000000110010000000000001100000001010000010000000000101
11100011100001000100000111010000010000000000010000001011100000000101001000100100010110100000011000010
00100000001111001110101010100000011010100000001100001010001000101101100001100100101100010100001011000
00011001110100100000010010101100000010100000010100011001100001100001000001000011111000100001000010100
00100001001011010001100100011000101001010001000000100000100001111110101100101010001011100000110000101
01000101000101010000100000000000000011000000000101000000010000010100111000000100100000101100101100001
01010000000010010001011000001000101011000111000100111001001000110111100010000110110011110000000000000
00000010010101000100101100110110000100010110001000110100000100000000100100100110001011000000010010100
01000100010101000000000001001110000100000001000101000100000000000010100000001000001000010100010000100
10010000010101000000010000001001011111010100010100100001001100000010110000000000011000001101110101000
00100100000000010101000001010000001010101000001000101100000010000011110001000101000000000010010000011
00000011000001000100000000001110001011010001100011000001101001010000000100001011100000100001010001000
10011001111000000110001010010000101000001110000101100000000110010100000011001010001011000000000100100
00010010110110100101100001001001000001010100010001010100000001100100110000001010000000001000000100100
10001010001101110111110010101000101000010100100110000010101110010000000000110000000010000000001110010
00110100000001010100010000001100000001001110110101011100000000100000110100100010110010011100100000000
10010101010000100011011000011110011011000010100010001010000001011000011000011000110001100000100001010
10110001011010010100011011010000001001100001000010000100100001000010000000010001000111000000000001001
01001010000101001001001010110001100011001000000100110010001000000010001000110100000000000110101001100
01000100001101000000000001011011100000101000110100010000010010001110000011000010000101101101000100000
01100001010110100001000011000010110000000001001010011000000001001001100000010001001100100010100011100
10010011000000101111101010101000100111001000000011100110010100000110000101010000100010000100000010000
10000000000100000000000011000011100010001011001000100000100000100100011000101000000000011000011001010
00001000010001000000000100000100111100111010000000000101101000000101110110000000000011000010000001000
00010001010000100001000001011110000100000011001000101100100001011010100100000011100000110101001000101
11000000011010000010011000100010010000100000000010000100011000000001000100011101001010010000010010000
01000010000001001000010001001001100000000100000000100000110100011000011100010010011100110100001110000
10000011101000000010110100001100101010001000001010000010110101001100000000010010010000010000000011000
00001000000011010000000010110100010000000000000011001001000010110001000010000001101000010000000110001
00100010101000110000010010100011100110000110001000110010010000010000001000010000010110000000000011000
01010001011000010001100000000000100010001101010011010001000000101100010011000011101000110010011001111
10111010000000000101001010100000010111000111001101001010001000100110000010100010000000101101011010111
00000000001000100110010010000000100100000000000011110000000010011001000001010001000100000100001011000
10111011000000000000000010000000100001110100010010000000000101001001000100100100000000010010000110000
00001110011001000000110100100000001000011000000110000100010011011100000100010000000100000000111101010
10001000000000001011001110010000001000000000000100100101000100000101000011001000000001000010010000001
00010110110111001010110011011111011110000100100000000100001101000000110000100001000001010000000011000
00100000100000000000001000100110000100100010110101000001001000010000100000000011110011100100000000101
00000101010111100000000000111001000100111100010111100100110001111000010101001000001000010100000001010
00001111011010000110100100000100110101001000010001001101110010001110000001001100010110000000000001101
01000101000100101010000000100001000101000000000000010010010100011100010001001001000000000000000100000
11100011000001010000001000001000001110011100010000010100101000011000001100010001000111001000000100010
01000000010000100000010010010100101001001000010011101100011011000001110100000100000100110000010111100
00000000100001011001000100000100110000100000000100010101000000001010000000000101100000011011001000011
01010111001010000000001100000011001000000011110000000010110100010111101001110100011000001010001010010
1100001001100011101100010000110000100110001010000001001010000000000001000100011000110101010100000010G
