S0001000000101001001000100000000111000000010010100011001001000100101000000110100100001010010000100000
00001000111011000000000100010000001001000011001001001001011001000000000011010101000100000110000100000
00100111000100000000100000001000101000100010010101101011001000111000010000010001100010100100000000000
00010010100011100001000000010010001001000000000010000100100101100011010100000010101000010100011000010
01100001100000000100001000000011000000000000100000000000000110011001001100001110010000000000000100011
10001010011101011000001100000001110100111011110000100110000110000010000000000001000011111011001000010
01001110010000001000100000001000100100010000000100000010000000000100001011111000100101000000000000010
00100000010001100000011000011001000010000000100110010000000000101001000100001000100101111000001101000
00000110010011000001000000010000101011001100100100000010010100100111001001010011000001000001010000111
11010000010010000101111111100010101000010000001000000001110010000100000100010001010000000000001100000
01110100000010101010110011101000110001000110101000010100010001000100010000010000000010000000100100100
00011001010101000000000010100100000001100010001000010100010010100011000110000100010101001000010001011
10011000000000100000000000111000101001000110001001100100000010101000100101000000100010000101000011000
10000000100110001001001100100100010000101001000010100000000010010100010000001010100001100010000100000
11010010000101000001000111110000001000001000010110010101100100011000011000000100001000000100100010100
01001100110100100100100100000000101001000000000011100001000110101000011010001100010011000001011000010
00100100000110110000011100100000000000001101000000000000101011000001000010000000100010010001001101010
00000010011010101000001000010111001000010100000000010110100000001000100101000000101001011100011000010
01100011010100011111011001110110110111000000000000100000010000100000101001000010000000111101100100010
10100010100000000000001000000000000000110001011001001100001010000000101111100011000010001001000101101
01101011000100000001000000000100101101100001010100011000001010101000011000001001000100011100100100000
01000100001010100001100000000101010000110010001000100000000100110100000010010000010110000011101000000
01010001001010010000100001111001101100101100101100000010011010100100110010000001000111000000000101001
10110000000000100010001000010011110101000011101000001000000100010111110110110010001000010000100011100
00111010011110000100001001000010100000100001010100110000000100101000001001101000000100000000000110000
00000100010000111001100001010011011000000110100010001000000100010001000101000000001101011101000000010
00100001100110010000101100011100100011000001100011000000000000000000000011010000010100001000100101110
10000000100000000010000011101010010100110001010001000000000001000000100001000000000000010000000001011
00001001010000000111100000010110000111001001001000000000001000100000000110100000000000011010000000001
00101001010000110000001000100000001011100011000101010000100010100000010101100010100011111010000010000
00001101001011000100110101010000001001100101010000001100110101000000001100010111001010011001101110111
00000001000000101100000000010100000000000000100100110000100110000000001001000000100001001000101010010
10001000000001001010100110011000000010001000011000000011000000000001010100001000000100100100010011001
01010000111000000001010101001010001000100010001100000000001010000010010010000000000100000010000001000
01001001001010000000000100100100000000100001001000100010010000000000100000000000001000000010100000100
00001111010010000001000001001000000000000000100001000000101100001100101001100000001000000000010100001
01000000101001101010100101001100001100100000110101011101000110000101000000000000000100100001011000001
01000000110000000001010101011000001010100000100000000000010100000010110110111000100000000001000000000
10000001001110011000110000010010000001100001011000010000000010001110000110001001100101000010110011010
01000010101000010100000000000000001100011010101101000001010010100010000101000000000100000010000100100
11011101101000000110100010100000010001001100100011100000000000100001010000010101110101101011001001001
00000000000100011001000001010100001100000011100110100010000100110000000100000010100000100111000001100
10001010100101101001100000000000010100110100011010010001010010110011010000001000000011000000000011000
01000100000000101001000000000010000000000010100000000000001000000000001000100111101000110011000100000
10001001001001000010100000010001111000000000010001000000001010001000000100101000110100000100000100000
10001111101010100100011001001010010110000001010000011100100000011000000110000100100101000000000100011
10000000000001110000011000110010000001010000001011110011110100010100010010001010000101100000101100000
00100101011100000000010010000000000100111001000000011100101010000000000000010100000100000000000001110
01010001001100000000110000110010010100001000100101000010000000011101000010101101100110000000000000000
00000010110100000000000000000000010100000000000001101100000101001100010100000010100000010000001001100
10100001000000000000100100001011010010000100101001010000010001110100000010111000010000000001001110001
10111000001000001000000010001100001000010011001000000001001001011101000000100110001000000100001000101
01100000000100000100000000110000001100001110100000100010000010100000110000010101110010101101100101000
00000000000000010001100101010000011000100000001011000001101000101010010000000110000010100010000110111
10000000011000101000001010101001001010100000001001000000001110010001100000100000110000100000000100100
01100001010001110000001010110010110010010000010010000010000011000010100000100010010000000001000000101
10000101000000010100000000000110100100100111011100110001000000100101000001000000101001001011000010010
10001000111001011000100000000001001101111000000111100011000100100010011000000000010111111000101000010
00101011010000010001000101100001001000001000011001100001100001000100100001010001000100010100000000000
00000001001000000101001000000010000100010100110100010010000010000110100101000100011010010011001101000
00010100010010010100010000100011100010010000100100001001101000100000001010100010000010000001000010000
11010001001001100000010110100001011100010000001100001000101101110000000110001011001000001000001101000
10011000001110000101110010000100000110001000101010000010000100000001000000001110011110100101100011000
00010000101000110010000101100100000010000011010010000001001000010100011010000010000101110001001101000
10001000101000111110010000101110010001100010000000000100110100000000000011001000010001000000111000000
00111000001000000000010010011010000101000000001001010010000000000001000110000100100001101000000010000
11000001100011000000000001001011001010100000000000101000111000110011000000000010001010010010010110100
01001000010110010110110010000100010001001010000010000110000111010000100000000011000000001011011010010
10000100001000001000000010000100000000001000000000100100100001101000001000010000010001000001110101001
00010000000101011000000001000100011100010100010000000000001000000010000110100000100010100010000001000
00101101110000100011000110000010000000011010001000100000000011000111101011001000101110000101000000011
10001001011110001000000001000010111100000011000001100010110010100000100000000010000010000100000000110
01000000010000000000100000100000100110001001100010110000001100000010010101001101010100001000011001001
01101000000100000000100100000000000010010000000000000000001100010000000100101001010000000001100000000
00010000100000000101100010000000001000010001010000100001110001000000000100001001010011100011010000101
00111110100000000011001010001010011100000001011100001000000110001011010100000100010100000001010011101
01000000000000100010100110010010000100000110001000100000100101001000100100001011010010000001000101001
10000000000100001000000101110010000001001100100011001111011010100101000001100000000101010000011101000
01000000110001100000011000000100000000000000100000010100100100000100001000100110100100110000011100001
00001100001010000001010001100000011000100100001001011110010001000110000000000010010000101001000000000
10000111110110000000100000101111000011000011100100000001000001000010101010000001000000000011000100010
10101000010000010100000101010000010000000100000100011000010101000001011001110001100000001000000000100
00010110101001010101001000001001011001100010010010000000100100010000100110000000011101000010100110000
01000100001011000001000011100000000000010001010110100000100000001000100001100110000010000000001000110
11000000000101011000000000001100000100000010000000111110011000000100100100000001011000100000000000101
01101001011001000010000000000100001000010000011101000000001000000010000100101100011110000000001011000
00000101101110000111001011000000100101010100101110001101010100001101000100000001001101110011011010100
10000000010010000100100100100001100000000101000000000010111010001001100000100100000001001011101001000
00000000001000010001100100000101101001011000001010011001101100011010000000000000011000000000000001100
00011100100011000110011000000100000000011100100001101000010000011000010110000000010000000100000000000
10000010010000000010010000001110001110100000110101000010000100100100010001100100010010000001000010100
10000000001000010001110000000010110101100000001010100110010000100001011100000100001010100100001010110
01000010010001001000010001010000110010010100110010100000101000111001001011010001001101100000010100010
00110000000011100100000100001001110000000011011100110100101000111010000110100000000100010000010100100
10001011000000000010001000000001000000100000000000000000011010001100000001000001010111100100000000011
00000000001001000100000100000000110010100000001101000101100011000000000110000010011000010000001100001
00001101110101001110010000010110010000101101000000000101001100010100011001010010100100011010011010101
00010000001000001000010100000001100100000010000000001000001100000000010000000000000100001100000010100
01000100010100101110100111010000000100011000000100001001001100000010010100000010100001000110000101001
00100001011011101010010000000110001000011000001000011000000101001110000110110100001010001000110001000
0000101100001010101001010000100010100000100010000000000000101010110000010000001010000011000101010010G
