S0001100011011100000100010001000001100000001001010001110000010111000010001000110010000100100101000100
10101000000000010111010000011000100010010000110100000000000000000010000100000000110000000001001000000
00000001010100000000100100001001110101000000100011100001000000010011100110000000111001001000110010101
00111100000100000000001001010010100100000000100100010001111100001001101000001000000001111001001000010
00000000010000001001000000111000011000000001000010001100010000100000010000100100010100000100101011000
01000000001001001100001110000010000100011010100101110111111111001000000000001100000100000111010000101
10011000000100100000110000010000001001001010010000000010101100000010100111000000100100100101000110000
10000110100010011011100010110000000100001001100000001100001100001110010001100000001100011100000010001
00001000001101000010001100000100100010000001011011010001110110001010011010100010000010000011100000110
01100110000010000010001000100100111000100101111010100000010001010111100000100000111011000000100010101
00001001100000010100100001000100001011001100010000010010000010001000111001100011010101000011001010000
00000001001100010000000100111010001111010010000100011000101010110000001000000000111000010110101001010
00000011100010000000010001000000000001001000100100100100101101011000100000010000100000001010010010000
10000000110011001001110000100001000110000000000000011000000010110001001000000000011100000000000001000
01001000100000000000000011010010010100100011000001000010000010110010000101110100000001001000000000001
00100000010010100000111000011001000000110001010001100001100011000011000100001000110000001100100001100
11000110001000001010000010001010010000010101100000010011000100100010110001000000000001000100000001001
10000110000100001001010000000011000011110100000110010001000000101101000010110000001100000000010001100
11100100010101000010000100010001000010000101000100100110000100000010001110010100000101000000001000100
00101000100000101000010010000000010100000000001000110000100101001011101000001010000001010000001001001
10100001000000001110100000100011011000000101010001100000110100001110000000010001010001000000010001000
01001101011000100000001110000000010110110000000000100010000010000110111000101101000000111011101100000
10000000001101010100110100010000011100100001010011001100110001000001000101000010000001100000111110011
00010100010100000000001100001001001011100010110010001000000001010000001100001100110000111000000000010
01111000011001000000000001001001001011100011100000110000001000000001100000100010000000001000000000001
01000010000001000010100000010011010010000100010100001100000100101000000001000100110100010001000010100
01011000000000000000000010000001100000110001000100010100101001110000000000001000100010010100000011010
01000000000100000000100010000010101001001101000010011100100010110001100000010010001000100010001010001
00100011000010011000000010100101100011000100010011100000011100101000000000001100010010111101011010001
00001001000110000101000101010010100000100010111001100000100010011001000000110000010001001000001001000
11101000001000010101000001000101100100000110010001101100010111011000000100010010100110101000000010000
00101100011110000000000001100000100101010000000000000100010001000111000000000010000000000100000000010
00110100010010000000000100101011000000001000000000100010100011000000000110000000100110000000101000001
00000000000110000000000000000000001001000110100011110000100101010000000000001001110111000000010011001
10010101100000101000011001000001000111000101100110000001000000010100100010010000001000001100011011000
11000010000101000000100000000000011000100010010100000111000000111010100001000001100101100000000100000
10001010001110101000010000100100110001000100010011010100010111000001100001101100001000110100001001000
01110000001010000000010011001000001011000100100000100000110110010100010001011100000000010011110000010
10010000001001000110010100100000001011001011010110100010100100110010111100011010110001110000000110100
00100100000010101000100010000001010000010100100101010110010000001010010010000101000000000000000100000
10101000011010100110010010111000110010101010000000110100000010010000000000101100000001001000010001100
10000000011001011000010100110011010000110110011110110010000000011001000011000000101000000000000010011
00000011010100010100011010001000100000110010100101000111000001000000000000000100001101000010001101110
01000001010001010001000010000101000011000000000010011101100000001100000010000000100000001010010100010
01000001000011000010000001100000000000000001110110100000110000010010000100100101000000000011100001010
00101000100100000001100010000111100101000000101000001101000000100010110000100000010101011000010010100
10101000001000000110000001010001000010011110000101000101000110010010000100000000000101100000010100000
01001001000110010110000010001100010000000000000000010010001000010011001100010100000000001100000100000
00010001010000100101100010100010000101000001000000100101100000101000000000001001100000000000001000110
00101000000000110000000000000100001011001010100010000000001100010001000000000001000000100010100001000
00001000111011100100100001100000000000001000010110001000110000010010101010010010101010000000100101010
00001100001100011000000100000101101001010011010100000100011010000010100000100001010101101010000000010
01110001001000000100100001011011011111000100000101000000010110100100011000010100100100001100110010000
00100000010000001010110010010000110100100100000011000001010100000110001001100000010000000001001011010
00010001100000010000101100010000000000101000011110000010000100100010001010001001000001010011000110100
00110100010010010001010011000000101001001100101010010100000010010010110010110100010110011110110100001
01000000101101100001000000000011000111010100001101000001000001110011000000100001111100000100001100000
00000000100000010100010011000000000001110000110110000011000011001010000000001001000001010000101001001
10000000100010010100001100100000010000001100010000010000000000001011100100000001010011000100001001100
00100010010110000110010010100000001011000000010001000011010000001000000000001001001000110100010100001
00000011000111010100001000000011000001000000010000001000010100001110010110110000010010010000000010000
01000010111000010100111100101001001000000001000011000010000001000101011110100001100000100010011000000
00001100101010000010000000010000000010000000000100000000001010000000001010100010100001110000100000000
00101000001000110000011001001000000100010000011010010000010110100000001001100010010000010011101100011
11110010000010001111000111000010111110001000000000101101000000001100001010000101100000000100010000110
00011000110100010010001000001001001000000001000011000000001110011000000000000000000001000111000001011
00000000000101010010001000010100001000000001000010111100010000001010110100000001000001000100010010001
00001000000001111000001011110110000000101000000100001100001001010010010010010010000010000111110100000
00001100101010000000000000100100000001000100001000010000000001011010000010010000111100000000000010101
00000001010110000000000111000001111000000000000000010011000010101010000000001001001000000000101001100
01100011000001010101011000100111000111000010100101011001000001000100100000110100000010011011100101010
00010010001100010010011000000101010010010000000101000110000110001001000001110000010010111001010101000
00000110010101001000000001000010110000110101100000110000001101001100001010000101111011000100101110000
00101100100000000000010100001011000100100011010111010000110011000010001001000001000010000000010010010
00011101110000100011100100000011010010110110001100100000000010010000101000000100001101001100001110110
01000000000000110001110000011010110001000001000100001000000001100010001010000001110011101100001001000
00010000001000010011000101100111000000100100001101000000000001110110100000000111110100000000010001000
11010010001000100000101000101001100001001100000000000010001000010010100000000001010000100011110101010
00000101001010010000100100110000010000110100000000010000000000010000011110000011000110000000110000000
01001100010000000000101001001110011000001000010000000000000001001010011000100110110000110100000001000
01000001100001010000000000000000100000001110000000100000101000010110011011110010110011000000000010000
00010100000011001011001110011000000001100000111010001001000000100011000101000001111010001000100101110
00001000000000000000100010000000000011000100010100010111100111000000000100000101000010000101011010000
11000110000100101000000000100101010010001000000001000101110101000110100001101010000101010101110010000
00011010101000110110000000100010010000111000010111010101010000001011010001010101001010001010010000010
10100000000010000110001000001001000010000100110010100001000001100000100000000000110001101010001000001
00000100000010110000011000110010011110001010001000100011101010000011110100011001010000100000000100001
10010001010101000000100101000000010101101000110101000000000111000000101000000000001011101000011111000
10101000000001011010000000011111000001010010010100010100000001100010000000011010010100110101110010110
00010000000010001100101000000011000000000010011110001000001100100010011010001010000111010010101011100
10101001110000010001100110000000010000100000000001000010000010110000001100000100000000001100010000000
00100010000000000100011110100000010110001100100000101010000000000001001010001001000001100111010000100
00001110000011010000000010000001000000010100010110100000101010001000010010001111001010110100010011100
00100000010001001001010001000101100000111001100011001010000000001000100111110001110000000000100000000
00101101100000001001000010100000110000001100000001000110000100010000110001000000110000000010000000000
00010101110000000010110001101001010001000010000101000001111000001000010101001001000111100010010001110
00100011000110010010101001100110110101010011110101010100000011000000111011001100010001010010010010001
00000000011010100010001010011000000011000011010001000000010100010010000000000011110001001100011100010
01100000000011000001000000010101011000000100001000001100010000000001001100000000110010100000100100010
00110001100101101000001000010000000100010100000000101010111000001000000001110000100110000010011000100
0000001001011000100000001101100110100110110110010000101010000110100001100110101010011011000011000101G
