S0000101001000100000000000000110000000010010011110000110000100100011000110000010010000100001000000000
01000101000000011010000010101000001000001100110000000010001000010000000010001101000000110000100010000
10001100100011101010001000011011000001000000100001001000101000000101011000000010111100000000011010000
00100000000000000011000010101110010010000000100000000100111001100000010010000011010000000010010000100
00000010001110100010000100010001001100000000000101001100100100100100000100101001010000100010000100011
00101010010001001010011100100001100010000111100000101011000000101100000001001000000001010000000000100
01010000001110001001100000101100110001000011001000001000001001100110001110000000000100100110000000010
00100011000101000011000010011000100110011111010000000010110000000100101010000001000011000000000001001
10001000001110000110100011101110000010110100101110100100010001000010010001010111001101100000000100001
00000101110001010010010100100101010010001110000111010000000101001000010001001100011010000000010000110
10010000000000101001100000011001101000100000001000100010100000000000100010101110100001000110010000010
00000000000110011110010001000010001000001000000000001001001100001000001000001001110010000100000000110
10100011000100000010000000000011000010110000000000001011110011101000100110000000000100010111001000001
01001011010000100000101010010001100100010000000001100000001000000000000000011110100010001000001000100
01110000000000010000101001000001101100010000011000011101001000001000001001000000111100110000000101100
00000000100011111001000100101011000000000000011001100000100010100110001011000000100110000100001010001
11000010001010000000110000100000000111100000000100011010100001000000000000100000000001001010001111110
00000001001000001000011100010000001010000110000000010000100010000001011101000101101100110100100001000
00100001100000101101001010000010001000100100111001011000100000001100000100010000100001100100000101101
10001000001111010011100010000011000001000000010100000000010000100100110000000110100100010010001000010
00001000000000001100110010000110010101011001010001000001011000000001010000100000000000100010010000000
10010010000010000001000010000110011100010110001000000011001011001001000000101010101000010000000101101
00110100100011100000011100010101100001000000001001000000100000010100100100000101000110100000100010000
10010011001000100011000010000110000011000000000001000000000111010010000000010110101011100110110100000
00100000110000100110100100001100000100000111001111001001100001001000001100100000000100010110000110001
11000110010000001100000001110000111011001001000001010000100100001000110000001000001000100100001100000
11010000110100010110000001001001100011100010100000001000001010101000000000011000101000011000100101000
00001101000100100000001000010000000110110001011100100001001100000000000010101100010010101001001110100
01000100000110101000101001100101110000101010000001010000111001000100000101000110000110011010001101000
11100000000010011000000010000000001000100010100000000010101000000000001000110010010000011010001010010
00010001000101101000101000011101010010010000001110010000000000000010010000001000001010000000010010100
11100000000110110010000001011000101011010011100110001100100010010000001010010000100000010110100110001
01000100100001000000010100011111001111011001010010110000000000110000010000100000000110000101010000000
01011101000010100011101011010000011000101011010001101101000100100000000100001010111000100000101010100
00000000001100001000000000110100010000000100000110100000100000000100000100000000000001101010110001010
00101000010000000100010001010000000100010001000010100000001100111000000001100000010010010011110000110
10010000001000100010010000000011010001100101000101010110101001001100100101101000001000001010000000010
10010000100001000001010000011101011000100010010011100000011001000000110110010000001000000000110000000
00010100000000000000101100010011010110011010100010000110011001000110010100100000000100001100010000011
00010000110000000000111000010100010000001000111011000000101000001000001000100100100001010011110101000
01010100101100000101111011001001101000000000100110111010000000100010101000101010000000011000100000010
11000000101110000001000000000001110100001001000100010010000000000010110000100011101101000001000111010
00001110110101000001000010000110001000001001001010000100010100110100100001000100000001001110000100000
00100101100100010101000100001011010110111000000101101101000000000000110110000010000001000001010010101
00001100101000001100010000000011000010010011100010001000010001110001001011101011101100010001010000101
10000000001000100001000001001011010010001000001011111000001001001110101100000000100000000000000011000
00011000101010010110010010000000110001001000110000011000110010100100100001001011000010101001111100000
11000000000101000100001000100001010100010001000100001000000000000010000001111001000000001001001001010
00011000110001100000101000011010000110000110011000010001101011110010010000101000001010010000100011110
11001100001010101000000010000001001001100000001110000100100001000110011000000001001000100101011000001
00110001010010001000000000110000000100100000100000000010010000010001010000000010000100000101001001100
00000000101110000010100010010110000000000110001001001100110100000010101010000111001000001001111010010
10000010001010100000000100000001010101000000000010110111100100000000000011110110000100000010000001010
10101101101000101000111100000000001000000100000001001010110010001001000100000001110001001000001000100
00000111000000000001010100010010000000010001101000110001001100000000001000110000010100011000000001000
00100011001001100101100000000110010110001001001101000010010011111111000010000000001011010010010010110
00001000000001100000000111000000011110100100010100000010001100011001001100000111000000000110101100010
00000001100000000001000100000010001000110000110100100100001001010001000000000111011000001000011010101
00000110101000010010100000001110000100010000000101000100000101010010101000001000100000010001100101001
00001111000101000000100000000000000101111001011001000010000011100001101110001001110000101000010001000
10000000100000001011110010100100000111000100001010000010000010010110001110000100010000100100000000001
00100000000100001010100001000100000011000010000000010101100001000100101001001001000000010000001000100
10101100011001000000000000000001000100001000001000000101000000000000000110000000001111001010011011001
01001000000000000000111100000100100010101000000000000000000000000010010101010110110011100110100101010
10000010010010100110101001100100100110010010010100001110010010110110010000001001000100001000000111110
01000100000110000010001110001000001100000010010100000011000100011010110011010011100011000000000000101
01001101000000001000000000000100100010000000001001110000010001010110001010010100010100000110010101000
01000111010010000000000101000001010100000001000000100010001000001010011000100100010100001000000000000
10000000010000100010101000011000000000011100100001000000100100010110010011000001011010110011001000000
00110000010000100100010001101000000000011010000000110111000100000011011000011001100001100011000000000
00110001011010000010011000100100011100010100100000000010001101001100001100100110000100001010001110000
00001000010000010100010000110100000000011001001010101001000000000100000001001100101100000011001000001
00000100100011000011101000001001100001100000000010101000000110110010011000100010100000001000000010110
01101000001100000011101000000100101000000000011000101001100000010111000001010100100010100010110001000
00000000010111001000001000000000000101000011110000011100000110100001000010100000000001000101100001000
01100001000000000000001110000100000001010000100010001000000001010000100000000000000000100000110010000
00000001011101000000001001000100100000110011001001001001000100100000010001111000110011000000001101000
10000000100101000000011110101010001001100001100000100000000010010000100010100011100100011000000001000
10010001000001110010110000001001001000000100000010001000100100010001000001100010111100101001000100000
10110010001010010001110100010000000110000001000100000101000100000000010000110010101100001000010000010
00000001100000001000010000010000100011000001010000101010001000010100100001100000010001101001100010011
11000110000011000100011110000000010010010100100010000101001100010000100100100010000010010000010100100
00100010111000010000100001001001100011011000000011001101101100010010100010110000100000000001100010010
00111000001000001001010000000001000000010010100001000100100100001010111010010000101101010010110100000
11001001000000000000101010001000000000100000010000100000001000000010000011001010001000111000001100000
00010000000000110000110011001011001100010010101000110000000000110000000001111110000000000000000101000
00000000110011000101110000000001110101000110001100010010010000000000010000000101000001000111000001011
01001100110100100001001000001100000000001100010100001000000110001011100000011100000010000000100000000
00000001001000101100000000001011001110100000010011111001110011010001000100001000101110010111010000000
00010000100110010000010100110001000010000110001011001000100110000000001101001001000100100001000100001
10010001001001100111001000110100000000000000011000100100111000011011001101000001000110111110111000100
00000010110010100010000001000001001001000001010000000000000010001010000001000100000000010001101010010
00001000000000100000010000000100100010001000011001000001001001100100000100000010100001111111000000111
10000011000000101000110011100100000001000000100010000000100000001100100010001011010100001010001010101
01000001110100001000001100101000100010100000100000000111100110000110100001000000110000000010000010010
00101100100000000100000011000101101000001000000000000000010011110011010000000000000100010001010001101
00000000000001000101101011000000010101000001001011101110000011000101110000100000010000100010000011010
00010101110100000011011001000001000000000000001100100101000110001010000001000010001000100100001000100
10010000000001000111000000000101000010000010110001100001000011001001111010100010000000011011000000000
00011000010011101000100100100001001010111000011000001010100100110000000101000000010000001000011000010
1010100110010001011000000000001001000100101100000100101000010000000000000101001110110000001110100010G
