S0001100110011001000001010000010000000001000110011010100110000001001010000001000001000100001000100000
01000011000110100001110000110110000000000100100000010000000010000000001101000000000110000000001010001
10100000000010110000100100000010000001000100011010101001000110000011000000010000000001000100010001000
00001000010000111011000010000000001000000001000000000000100010001100000100000000110000010000011000100
01001101111010100000000010001000000101010100001000100000000010000110000000000001111000001010100100111
01000100010000100010000100010101011000010000100000100010000111000001000001001000000001011001000110110
00000100000100110001010000011001010100010001011001000011001001010101100000000100001110000010000000001
00001101000010010100000010000010000010010100000000000000100100110000101110110110100010100000010000110
00000000000100001001001001000001000011100000000001000011010001011110110000000010000100100100100001000
01100000000000001000110100000001000000101000000001000100000100001100011000010010001011000000000000101
00010001100010100010011010010110001000101110001011000000001000000101111001110111000011001010001100010
00101000010101000000111110100000000101010001000010100000001000010100000001000000110000000000100000011
00010010000100001000000000000001111000010000000000001001101000010101101000000011001001000000001000110
01001001001000110010010011001001011011011100000010000100001000011000110000000011010000000011000000000
00000000100010000010111011100001101110100000000001101001000010000111100000100101100100000000100000100
10000000000100001010100000001100000000011000000010100100011000000101000000001000010010101000000010000
01110001001100101000111100000000000000000001100000001000010000001100001001000000100101000001000101000
01100101000110100100000111000010101100000100000010000100000000001000001110000000101010100100000010001
00000100011010000110010110100001000000010000100001010001010001000000011000001000000100010100001101100
01100000010110100010100000000000100011100100001000010100000111100000001010001010001000101000010111110
00000100000001000000000000111000000000000010111001001010000100001000011000110111000010000100011000000
01010101010011000000101001010110000001000100000000001100100110101110010000001001001001000010000001001
00000010000100011100111001101000000100001001000101010011100001001011000000011010101001000110000001001
10100000001000011000100001110000011000000001000100000100100000001000001010000000001001010100011001000
00000010101100011000000010100000000101001001010000000001110000000000100011111100110001001110000101001
10010010000000011101101000111000000100100000000101000101001000110101011000111000000011001001000001001
10100010000010000000001100001001000000000100100011100000000010010111000001101000000101100000010100010
00001101000000010011010000010001001101011101000010000100100010000101001000100000000010101100000011010
00100100101010000000100101000001000100101000100000101100000100001100101001000001011000110000000110001
00001010100001000100010001100110000000001010011000000100010000110011010101000101100001010011100010111
10110100000010000010100010000001100000100001000010000000001011010000010001000101000100110001000000000
00010001010000111010000000100111100100110111010001000000000001101000110010000001110001000001000000010
01101110000011111000010010001010001000000011001100110111000001010011001100010011100000000000100001101
10010000000000100000000011000100001000100101001001000010000000000000111000000010000001000110001000011
00011000011010110101100001010000011011000010101000000010001011000000000001100110011001010100100111000
00100100011101001100000001011111000100001000001110000000010000001000110000100000011010111111101000101
10100000000101000001100011000100001000000010010110000000010010000010010000101001010111100001000100000
10001000010000000010000010001000000000101010000010000011110010000001010000011000011011010011000010001
00000100101000101101101000100000100000001000100000000000100100000111000000000001101000100000011011010
01101100100001001100000001110011100100000101010000001000001111000001000010011100010000010110010011001
00001011100000010100000101010001010010011000101010010101001000000110000001000011001100011100101110001
10100110110100000000010000010100011100111000100010000000000001000001101000010001000000010001000000000
00000001000010001001000010100010010001010000001010001001000000101110000000011000011001110101000001000
00000011101000110100110010000000110100001000110100100101000100100100000110110010000010000010100010100
00010000101000001000110000000000010100011000001001001000011000100100101110110010100001000010010011000
00100000100000000100000010011001000000001000101100110000010000010101011000000000001010001001010010110
10000111001100000100100001101100000000100010010100101010000010000101001010010011011010001101000001100
11001010000100111001010001000000001011010001000001100001100010010000100011100000000000101011100000001
00000011001100100000010000000001000100000010010101011001110100000001000010000001000110000110000001000
00010110001001001010100011010010100001000010001001000101001011000110011000000100000101101011010000110
01100000000110000000000001001001110000100011010110010000001000001010110000010000000000100101100000011
00001101100001010000000001000010100000010001001111000001010011010000101001000101010000001000000000110
10101000001101000000001111100010000000001101001000000100100001001000001101011000000100000100010000010
10001101010000000110110000000011000100010111000000000111010001000101010000000001110100101100100000001
00000010000010010010100001001000100000000010001010000010001010001000100001010001010100001100000000000
00000111000010001110000010000100100010100110011111010100000000100010111000110100100010010100001001000
00000001000000101000001001011000000000000000000000000000000000000110101010000001000000010000000000100
01110100000110100001010001101000010101010000000000000000010010000000000000001100001000000100000010001
00100100010000101100000110001000000101110000000000000100000011010110010001010100000110100001000000000
10000010101010001000000101000010010001001010111000001001000100101001011100110000000101100100000000101
00000010010010101100101000100010001100001001010101101000010000001110000100000100000010100000000010000
11101110000110100101000001000100000010000100000010010010000000000000010010100000001001000000100110001
00000000100111000100100100000000000001111111000110000100000100000000011000010001010111001110100010100
00000011110110000001101100000001000010101001000010001000001111010100011011001001000000000011110000010
01001101000000000010000000000010010001001000001000011000000000000010010000011101001010000001001010011
11000100010001101101000111101000100000000110101110000011100000101000000110010000111110110000100100010
10001000011001010001100000100000110100001000100000010000010001110100100000101000001100001100011010010
00011000010000000000001100010100101000001011000010010000101000000011001110101100100001100001101100000
00011100001010001101010100001011000001010001111010011000001000000001100011100011001011000001001010010
00000001010001001010100000100001000000100001010110000101000101000001010100000000100100010101100110110
01000001010010000100110001000000001001000001101011011000101001000001000000010000111010001001001011000
10000110000010110000000001110000000000000101101000100001001001110101100000000111000000110010000011000
10010101110000001010011111100001000010000001100100010000000010000010100000110100111110100000000011101
01010000010000000100000100100001100110100110010010010001011010000001000101101010001011000100000110000
00010011100000010010001011000000001100000000000001000000000000101010101011011100010100011001100101000
00011100100000000101101000001101100000100100010100100001000010010101101010000000011000001110000000001
01010000000001000001100100101001000100000110010000010010001100101101000010011000011010000001010010100
00001011000000000000011010000000000001101000000001000000110001010000110100001000100001010111010001000
01000010100000000011101010000100000010101000000000100100000000000010101001000011100010000001000100001
00100101000010100010001111000100101000000100000010101110011000011000010000011001001000010101000101000
01000011111000000101011000110010000010100111000001001001101000110101010100001000000000000000000001111
00010010010000010000011000001010000011000010010000100011010100100101001010000000010110000010001000100
00110011001010000010000010000000001001101010001011000010000100101000100001010000101101000010010000010
00000000000100110100000000000010010101011100010000100000000000101010011000111000101000000011010100110
01101000001011101010101101001101100001011010001110000001001000010110100100000101010100110000000010101
00000000011000100001000000010000010101000000001000000010100001001001100000000100010011000101000110010
10001001010100000111001010000000000001101000000011101111100100010000001000000000001110001000100000000
11000000000001010000000010000000000101101001100111000000011011000000100100000010000000001000110100001
01010000001000100110110000100011010010000100100010110110101100101000100000000100010001011010011000010
10000010100100000010101000110000000001100110000110111010100000001100010000100000010110100110001000000
11111110000111000100000010001010110110000001010100001001111110101100000000100100010000000001110000000
00100001000011000011010100100011000000000111100000100000100010000000000100000010100100110001000000111
00000001010100000010000000000101010000010000001101100011001100011010000100100000100001001000100100000
00000001000111001110000010001100000111001001000000010001011000100100000001000000100010001100001010100
10000000100000000000000010100100111010010011000001001100101100001000100000011000100010100000001000010
00100010000001001000010111100011000001010110110001000110110101000011100001010000000000011001000100000
00000111101001000011000000000100000000000001100001001000000010000100100010011000100000000001000001010
00110100000100011000010011000111001001000001100010110000001110000001000001100100001001010000000100110
11111000100001000001000110101001010000000100000001001000100000001001100000100100010100010100101011100
00000110100000001011000000001000101100010000010101001000000000000001100011100101000010001001010000010
0000100000000100001001000001000000010000010100001000101100000001000000100001100000000001111000000001G
