S0100000001000000100100000000000100000101000000000101001000010100110100000101000010000000010000001000
00000001110100000100010001010001100100000000100000010000000100000100000110000001001000000001110100001
00011001000000100100001101101000011000000000000101000100010100000001010010000010100100000001000000010
00010110100010001010000000000001000010100000100000000000000001110101000000100000100110000001100010000
00000100011010011000110000000100110001010101000110000100001110001000011000010010100001000110010001001
10000100000010110001110001100000101000000010110100000000100100000000100001101001001000111011000000010
00010101000010000110100010010000000101001011100100000001001100000010100010011000011110000000101010000
01001010110101100110001000001000001010000100011100010100010000000111100101000011000011001000111000000
10101111000110000010100000100110000101001010000100100000010001010110100010100000010000000001010100100
01000000100101100100000000001101000100101010000110010111100000000000100100010000000011100011001010000
01000000111000100011011000000110000001111001100011110000101010011101100011011010111001100000001100000
01000000001100010100110001100001000011010000001000000000100000000100100101001010000101000000000000010
01110010000011111001100101110000011000001000100000110100100011100010001100000000100100001100010111011
01000101100000000000010101100000000100000001010010100001000001011001001110000100100110000001100000100
11000000000001000000000001001001000000100000001100101110001000101000000011100010101001001010000000100
00000010001000100011001000000010101100000100010000100000100001011100000000010100001000000001110001100
00000001001010100001001101110011100001001011010110000010000101100011001100001100011100001110000010100
01000000000000010010011000000110100000010010101110010100000110100010000100010101000010000100101101010
10000110010101011010000001101010000100110100000100000000000100100100010110100001000000000010001010010
10000000100110110001000000110100110000100101010000110000100000000100100010000000000000000001001001000
00000010100000010110000000110100000000000010110001000101001101001010100000001010110110000100100000011
00000011000111001000000000101011011110100000000000000010000010000001100000010100000000010010100010011
01000101000000000100000000000001101001010000010100001100100100000010010000010000100000000100000011010
10000100100000001000001010000000110011000000010100101001001100001101010100000111011010000010110011000
00001000100100100101000000101010000000001100000110000001001100000001100000001110000111000010010011100
11010000010110010010110110101000100010010000010010000001010001000110010010000011101100001000010000011
10100101110101000001110000001000000001001000101000010001110001101000000011000000010000010100000011010
00110011101100110100001100101101000110000001010000100000000000000000001100010001100000000110000000010
00001011001000001011000000001000111010001100100010000000100101010011100001000010001111011101000000100
00000000001100101010011100000010000001011010100100001000101111001010000000100110000000000000011000100
10101010000111000000001100000100100000000101000000100100110000100000000000100001000110100010010001000
01100001001100110000001100000000000001000100000100010110000000010100000101001101001000100000000111101
00110010011000000001010011000010000010000011010111000011000100000000100110000000010111000001000000010
10100010110000101010100100100001010100001100101100010000000010000000001011100000110100011001010110000
00000000000000010101001001010100101010001000000010010001110001110000100010110011000111100000000001001
00010000100000000100010100000001111001010000110100000110000100010000000111000101010001000100001101110
00000000011001110011000000001000100110100110000100111000000000101000010010001111100100011000110001011
00001001000000000000001001000000011001110001100100001010001000100001010001010000001100001010000010010
00100010100001110001010001001001010000000010010000101000010100001000000001001010001000010100000000000
01001000110001000010000011100101000011111100010000010011010000111001011000000010100000100111000100010
10001101000010010100100000000110011100101010101000001101000000010101001000000111000000001010110000010
11100000000000110000011110000000010000100000000101101010000110010110001101111001101011000001000101100
00110000111100011001000001001100010000000000001000011001010010001010001000101010001000100010000000001
00110000000101011001101101000000000100000100100001100101100001010010000110000110010000000010100001000
00100000111000001100010101100000101110001100000100001110100101000101001010001001101100001010000011001
01000000000001100001001000101110010001100000011000001000000100000100001000000001011100000000100010000
00000100010000001010100110000100100111010101000000010000010100000000100100110110001000101000001011001
11001001000000000001110000000100010010101000010000000000100001110001100001000010000110011101010000000
01010100010000110000011001001100000100100000010000111010001100101001110110001000101011110010010000000
01010000111000111001001011000000001001000000001001010001000000011000000001110000100001001010001100000
01000110000010111000010000010000111110110110000000101001010001000000000001010101000000010000100000001
01000010100000100011010010000000000000000000100000000101000000000100001100000000000000000100000000000
01000110011100000100100000000001000000010001011000110000000110000100001100001010000011010011100000000
00100100000011000101010100000100000100000001011100000000000100001101100110100101001000001100010010010
00011010000000001011000000010000100000011100000010000000001000101111000011000000000100111010010010000
01100000100001110100011011100110001110100010000001000000000000000100000000001000000100001010010100001
10001010001010001010101000010101000111110100110000000010011010010100000100001010010000000000000101100
00100000000110101101010000000100110001001101001010101110010001000011000110010000001110000010010000100
00011100001111000000000000001011010100000001110000111010000010110010010001001010001000001110100000000
00000000000000000100011010101000000001001000110100101000001000100111000000000011000000000000001000000
01100110001010000100000101100111011010000100101001010000111001000001100000001100010011000001111100110
01000001110010000111110010000011100100000010000000010000010000000010000100000011010100011000101010000
10010010011010001000010001000000000010000000000011001001010000001001001000010010001000010110000001100
10011000000000010110010001100011001000100000000101000000001100000001000100001000010001001000000000100
10110010000000000101001100000000001000000001010000100000000101000110011000100010000001100011010000001
00101110100110110100111000100001111100000000000011010110000100000111000000100011001011000101000000001
10101001100110011110000000111000010110001000001100101011100000000110100100110011010001010100000011000
00000000110000100000100000000010100000100000010010100101000100000010000010100001000100011001100010010
00010100010000000000000101010000000010010000101111000010001001011001001000000100111000000000010110000
10110100100000000100000101000110001000001001001001000010010010001100000100010000000010000001001001000
10011000110000000000000100000101000000000000001000100011000010011101011000000111000001000000000100111
10000011000100100010000000010000000111010100000000000000100010001001101000100000010010010001010101000
00000000101100011010000000000001001100101000000000010011000001000010000010111000000100011010010010010
01001000001000000100000000100100100000011001000010001011000101010001100001010010001101000100100001001
00101001100001100000110011000000010010100011101110000110100010000010000010101100110100011100000000000
00100101001000011000110000010000010000001010110101100100011001110110100100001000000010001010010011100
01010000001001000000000000101011100100011100010010000110000010000101001000000000001000011100011110000
00001000110100010100011100011111001011110010001000100101010010100010100011001101010000011110000110001
00011001000110100001001001010000010000000000001001101010011010001101000000000000101011010001000000110
01001000101100000000011000000000100110010100000000011000000010100100000100000001000001101100100011010
11000100000000100001000000000010110000001001011010010001000100111000001000100011010001000010100101000
00001000000001001010010010100000001000111010010010101000000010001001011000010001010000000100010010000
00000010000110000101100010000000001100000000100000001011000000101101000000000001000000001000000000000
00000001010001101001011000100101010000100000000100110001000000111100001110000011000001010011000000010
10000101001110101100101000001101000000000000000010110010000000000001001000101110000000000001000001010
00110100100101010000011000010101000000000101001100000010100000000100001010000000111100001000111000100
00001000000101100100110100010000000000010100000000000100000100110000010010010011000001100100010111000
00011001100100001100001100000110101000000110001001111110000111010100100100010011001010111100101010011
10011000000110110001010000101100000110100100000100100100000010000100000010100001000010101001110111001
00000000000101101010000010101001000110001111010001000000100010100111001100000010000100110100010001100
10001100000100010101000101000101000000100000000000000000000100000001001100001001010010000011000100101
00010100110101010101100010110100000010000101011010101000001101000010000011000100000100011000110000001
00000100010100000110010011010000010000000110100010000101110110000100000011010100000010101000000000000
00001000011100111001110000100010001000000001000101001001001001000000000101000001100100010001010011100
00000100100000010000100100000010000001110101010001110100010001100001000110110010101000100001010101000
01010001010100011000011000000100011101000101110000001110010100001010011000100110000000001000001001001
00000000100010000000000000010000000000001101111111000000110001100011011000000000100000000001000101000
00000110000000010100100010000001110111100010000100001110000001101000010010100010000011111010000110001
01011001001000010001011000100000011010010001001000010010000000110001100000000001001010000110000100110
00010000010000000101000000100110000101010001100000000010000011001001010010110000100000000011011000000
1001101000110000001010100000100101101000001000001100000001010000110000000001100000100110001010000111G
