S0000010000000010001000000000111001000010010011001010000000011111100000010100010101000101001010000010
11100010100000000000001100000000001000100000000110000010000010000000100011010001000000101010100110101
00011010100001000000000010000001000001000010000000001001001100000100001000000011011001100100000101000
10000010010100000000001100000100010001100110000110000000000000000001100000100000000001001010100010000
10010010000100000010010011001100001000011011000101100011011010001000010011010101000001001000000010100
01010111000010110000010101000000010000001111001110000010101000000000100101010100100001100000100100100
10001110100000010000010010000000010000100000111010000100010000000100010000100100010000010111110000010
10001000001001000000000010101000001100001110001000010100011000101010000011000000110010100100001000110
10010100010110011000000000000001110100000000001100001100000000010000100000101000000001000000001000110
01011011100000001101001010011000000011001010111101100000101001000001010011011000100000001000000110100
11010000001010000001010000001100001000000010110000100011000011010110010000110000100011010000110010000
00000000010110001111000001011101000000100101001011100010000000000010000000100001110100100000111000110
10011000000011001000011001000110001100000000101100001000101001000110011010111010000101011111100110000
00010000010000000001111000010001100000010000000000000001000000011111000100010110101101001010001000010
00101010000001110110100000110000001000010000000010100110000010100101000100000100001100011100000000000
11010100010000110101100100000110001000100001000010100000010000110101000000001001110100010011000100100
00000100010011000000110000101001000001000000000010010001010001001001001001000001010000000010000000011
00010010001101101010110000100001101000000000010100000000100000001100000000001001010011010001100011000
01010100100110000010100100001000110001000010110000000000000000010000110101000001010001100100000101100
01100110001000001000000001100111000001100010110101001001100000000000101000010001001101000000100001010
01010110010000101101100001000001101100011000000110000101001010110000101000111010001000110011101000000
10001000000111100000001000000000001111010011001001011000010010000000010001001001011110000100101011100
00001010011010010100101100010111010100010011010000011010010011000100010100000000100110010001000101100
00000100001010001000100001000000110100000000111011000110010001000010101001000000000100000000010000100
00000011101001000100000110110011000000000000010000001100000010000001001000100010000000000101001001000
00000000101001110100110101010010000000010111000011000001010100001000000010100100000010100101010000010
00000001101000001001000001101111000000100011000000000011000110101000000100000111000000010001010100000
00010011000000000000000000010100101011001000000000010010001011101101010010000000000110100000000100000
00101110011010000001000000100001001000100000100001000000100001010000000010100101000000000000110101010
11101000010111100001110001001000001000010010101101010010010000001000110001110000000001000000101110001
00100100001100001101000100100100011000010001100000111000100010100000000110010010000100010001101010001
01000000000000111000011100100101100100000010100011100000000111010010101100000010001010010000100001001
10000111010000110110000001010100110100010100000001001010000010000101000100000000100100000011000000001
01111111101010010001000001110000101100001000000001100001000001001100010101011100001000000001110001001
00001000011010000000100101100010000010100000010010000000100001010000000001010000111000000110000110001
01000010000000101101001000010000011001000100000000101000001100001000111000110110110000101100000010000
10001101010000000010000101100101001001001100000000011010001101000101110001001101000000000001110001101
00000001000011000000010100011000101000001010000010101000010101001000000000111100110111001000100000011
01110100000010010110010010000101101101001000010000011000000000001001101001001001001001110111010010010
11001100110100000100000000010000000011010000000010101010001011000010010011000000110000000011010000000
01100000000000010110110000010000010100001000101001010010011101110000000010010000001100000010010011101
10010100010010001101010110000100010000100001000000101000010100000000100000000100001000000000100000001
10010000000100110010000100000000100010000000001000001000000000001000000101000011101000100010000100000
00000001001000011000001000011010001000111000110110000000000000100000001110000000000010010000000000000
00000001010001000101101000000000010000100100000000000010101100110000000101001111000010000001001000100
01000011100100100001100000101010001100001001000100000100010001001111010110110100111100000000000000000
01110000100001000001010111010010010010110000011011100100110000110001001000010010000001000100000001001
01000010101001000110010110000010001000010111000010000010000000010000001011000010000010000101001000010
10000001000000010110000000000001010100101011000001011100001000010010001011100001010101100000000100010
00000100000010000000001000100001101000000000000000000100001000000101010000010000001101100011101001100
00101111000000001100000101000001100000000000100101111100010110001000011000100110000010000001101000100
01001110100010000110001001001010110101000001001000000100011000000110010000001010011001001010010011000
00000001000010010010010001001000000000001000111010100000000001010001000011000110010000000110001000100
10100000001001000100000000100100000000000010001100001010000100001110001000010001010110000000000001000
00001010000100001101000011100011011000000001001001000100001000101001000010010101100100000000001001000
01010001000100010001000000111001000110000000010000000000000000110010100100010000101101001001000000000
00001101000010000010100000110000001111000101000000000001001001101010110000001110000000000101000010000
01110000110010110010100111000000110000100100100010100000101001100000000000011000001001001000010010110
01100111010011001100110000000001001100110001101001000010000000001000000011000000000001110000001000010
10001001000010100000100100010010100110110101101000011001011100010000100101100110000111001100000000011
01010011010001100000000100001100100100000000110101000010010001001000000000100001010000101000000001001
00000000010010111110001100000110100010100000111101000000001110001001010000000010000010110100000101001
00001111010000001011000000100011000010000001000011000111001010100001011010000000000000010010010101000
10000011011000000010101010101101100001100011101001000110001100010100010101001010001000000110010000000
00010001101011010000110010100101011000100010010000001100110011000110000000100000110010110000100000011
00100001100001100000100010000001001101100111000000000010100000000010100001100010100000000000010010010
00101011001011011001000000000010100010000001001010001000000100110101000000001100100100000000100001101
00000011001000101000010000000001010000010000001010000000101100010100110000010001011100011101011010001
11000110000110000010110000000000111000101010100000000010000001010010100110010011000000000111000010010
10100100011001100100000110001110000000000000000001000100001110010010010001100100101000100100000001110
00000000001000000111110000100000001010011100000000000001000100000001001011100000000000001000000000010
00000101001000000100001111100001000000001010100100000000000110000100000000000011001001100000011100100
00011001000100010011100000001000100000000010000010010100001000000000100010100001101010101011110000101
11010000100001000111001000010010000000000000011001110000110100010001011000110000000101010101100011101
00000001000100000000010000000101001101010000101010010110101001010101000001010101100000001010011001100
00000010111000010110000000010000111110100100000110000001010000000001000000100000000000110000000000001
00001010001001000100100010000101100010010001010111010100001001000000000011000000001000000010100011001
01010000000000100000000110001001000000100001000000100001100010101001000010100000110100110010000010100
00000100100000000001000000010101010000110100010011001010100100100000000000000000000001001110000000001
00101001000110100100000000100000100100000000010010011010000010011001111000100100111001000000100010101
11100000100011001001110010000000000001010000100000100111000001100000000010000100101101000000001101010
11000001110000100100100010001100011001100001000001111001010100000101111000000000100000010000011000001
01100000001110010000000101110011110100000000001001000010011000010000001000010000001110001100000110000
00000111001000001001101011111000000001010010001001100001000001100100101000011100100101001011000000000
01000000000010000000101000000011000000000000011000010100100001001101000000011111011100000110100001000
01000000111000001100100000001110010000001000001001101001110001011100010000010101111000100000001111001
10000000000001001110000000010000000001001101000111010010100000111010110000100000001000001010011000000
00001010011010001000001011110001000000000001010000011000000000101100100000110001011000001100000000100
00010101110000000001010110000010011000101000001001000001111011100111000001000100011110000000110010010
00100100100000100001101000011001101100000110010000000100100001000110001110000001000010101001000000000
00000001010000001100100101100000001010001000110100000110001101000001001100000011010000101011000000000
01010000100000010000001000000001000010000000110111001010110000000010001010010111100011011000100010110
00111000000101100100000001000000110101001011110011001110100100001001000000000000100101010000011001110
10010010010000001000100000000100011100001111100110110010000100000000101001011110111000010000000001000
00001000101010010001111000001001001011010110001010000001100101010011110100000100100000000000010010000
01000000000000000010001000000110100000100100000000010000001000000001000101001001001101001100000001010
10110000100101000010000100001010001110011000100101001000001000001001010000111100000100011010000000001
10110110100110010001000100010010010000000000010100010000111001001100110000000101100000010000000100010
00010101001011000011110000010101000010000000011000001010001100100010101000000011000010001001100101100
01000100100110000010001010000000110111010101001000110000000000000010001000000100000000001000000001000
0010111000011100000001100010101000000110100000100001000111110101100100000101000000011011100001010010G
