S0010001100111001100000101010000000001001101000001010000000100000000100010000000000101000000010000001
00010100000010100100101000000000000000000000010001110011001000000010110000110111100010010000011000101
11010011010000010100001100100000000000000110010110000000011111110001000100000001010010110101000001000
00000000000100010001001000101100001000001001000010110100100000101100000000000000001010010100010000000
01010010100000010010010000001010001000100000000000110110000000001000000000000110100010000100000010110
01010001010111000111100010000000001000101010001100000011010000011110110010000001011001001001101000100
11001100000110110110000101000010011001001001100100000001111001010001100100101001100110000110111100000
01000000100000100001010010000111100010000110010000000000100000000001000010000001010100001010000001010
00000101010101101000000111000000001110010101000000001001000001000010010100000001001100110100000000101
10000001000100001110110100100000100000001001000000100010000010001000000000100000000000011100001000001
01100100001000100001000001101000000100101011110011001000011100000001010010010010010000000000101110000
10000000000110000100000000001000011000000100100000000000011111111000010001000100000001000000100000001
10000000000000101101100001000000000100101100110100100000011100000001001100010000011100100001010000000
10000100101001100110110010000001000101000010010101111011100100000011000011000010001010101010111011100
10000000000000000000010101101000001100110010011100100110001000000010100000000000001000000000001001011
10000110000110000010110100001100001000000100101010000100010001000010010011001000000011000101000001000
00000100000100001010100000010010100001001000000010000101000001111000001010101100000011000100000000100
00010110001100000000010000100101010000100001000000100000000000100110010000011000000010000101000000010
11101000110000000011000100000101001010000001111010000101100000100111100100001010001000110001110100000
00011110000000110010000010010101000010011000011001000101010000001001100011100001101010010000001000000
00100010000011001010000000000000000010101010000100100000001001010000001000000111000100001000110101001
00011001001100010001100100100110001010100000001000010010010010000001001001000100101000000000101000110
00010001100001001110100001010100000100000100110000100001101000000000000000100100000100100101100100010
00001001010010001100010000110001010001101100111000010110010101010000110010001000000001000110101100110
00001000101000010010100000100011000100101000100000000100100010011000000000000000111111000000000101000
00010011001010000001011000000100001101111000010000010010100010000000100010011110000100111011000010001
11010010110000000000000000000000001010000010011010100101110011010000001100000001000010001100001001000
00100000010000000001010001001010001000100000100100000001001001011100001100010100010110101100000100000
00000010100000101100000000100000001000100000001000010000000010000000100000100000100111001001000001100
10100010000100010011010000101001101001101000001111001100010000000101100011000011000001000011000101101
01101000000000010000100000000010110010010000101000000110010101000000110000000000101010100100101010010
00000000110110000110010001100010100001010010001100010110000001001000111000010000100000101100000000111
11001010100111100001011110011000000000110001000001001000001100001100100100000000000001011011000100000
00001000011000000010000110010010100000000001001010001110001000100110001000000000000001000100000101000
11100010001100000001000001100000001011000100000111100100000000000001100111100001101100100011100100010
01001000000010001000101110010010001110010001000010000001011001110101000110000000011011001001101100000
00100000111000110000000100011011000001001110000000000000100011100110010110111000000100001010010000100
10110010001001100010111011010001100101000000001000110011110000000101001000010010010000001110000000100
00101000000100101000010000010100010001110010000110101000000000000100000001001000001010010000100010000
11000001101001000010001110000000100000000001000010001110001000010000100010100000010001001111000001001
11010010110000001101100111000100001000001100010100001100101101010100100001100010100110000100100000011
00100001000000100100000000001000110011001010000000010000100001010100110010000000100000000000100100000
00001000010000000000000101010010100010111001010110000101000000000000000000110000001010000110100000100
00011010011000001000110011000010001110000001011000001000000101000100010000101110100110000111110010100
00000110100101101100000010100101101010100100001001100010010000010001101000000010000001000100001010010
10110010010000001000001001100101011001111000010001000001001001011100000000011000000110000100011000001
01110000100001000001001100000001110010001111100011101100011001101000000000010110001010001101000100000
10101100000000010000001001100000000010100000010000000101100000010000110010000110011010100000010000111
00010000100000010000010000100100100100010010001111111010001010001010000000010000011100100100000011101
01110010000010100100101100000000010010000000000101000100001000000000011101100000001000110100000101001
01000100110000000000000101001000001000010000010100100010000010101010011101000010100000101001000000000
00000100100010001000001000100111001001010000000001000001101101000010110001010100001000010110001000000
00100011111000110000001000110010111110000100100101000001000100010000001000000010001101000010011000110
00100101000000100000001010111001100001110000100111000010010010011010001001100100000100101100101000010
01011010000010111100010000000001001100001000100010110101001100101011001100001010011000100000011010100
00000100010011101000101011000010010000000000000000001100000110000000000100110001000000111110100101010
00110000011000010010000000000000001001010000100000001010100001001001001100000100101010011000010100000
00000011110000011101000110010001000010000100000101010101010000100001010111110001000010101011001110000
11100100001000110100000011010111000000010001100001100000000000000011100001100010001000000100011000001
00000101000000001010100100000001000010011010100010000000000011010000000010000101000000000100010100110
10010000101000100001001100011000010001010100000001000000100010101000100101000011010000010110011000100
00000100000000100001000000001000010000000100001000100001010100010100010110101101001000101011100100100
11010000010010000000010000100000000100010000000100010000000000000011110011000100001101000001100001001
00010000111100000010101001010010010100001000010000001110001111010000110000010001110111011111000101010
01010001001100001001100000001001000001011000010100000001000000000100101011100001010001000100000110001
00000000100100010001000000010000000110000101000010110010100001001110000100001111000000000000100001100
00100001001011001000011000000000000010011100000010000101000011001000000000100000101011010100010000000
11001100011000000011011010010000000000010000010001010000000000001000001000000001100000100110000100101
10000000000000000100011110010100000010001000001110000000001000001010000000100000001010011010111010010
01000101000100000000000000000000100000010000101010000100000000100100011000010000000000110100011000001
00001000101001100010101001000000000000101010110111000001101111000100010000010101110100000000100001000
10000000000010001010110100000000101000000011010100000000100010000101001001001001010010011000100000011
00000000000000011011001000000100000100001000100100001100000000000000010001001000101101000001000111010
00110000000000100001001010001000000101000001010000001110000110000001001100110110010100101000000000110
00010110000011110111100100010010000000100010000010110010011000111001000010010011000000000101010001010
00110011001001001100000000101110000001000110010000011011011000000101011000010000000011000000101011010
01010001011000110000110100000100011000001001101001001100000010110001011000000101000101110000101000000
00100100100000001000110010010010000010000001011000110000010100100001100000000010010000000000000001010
00101100000010010011110100000001100011001011000000000010000000000010001010001010000110110111010000001
11000001011010000100010010011101001001100000110011100000010111001100011100100001100001001000001001001
00100111100010010001010001001000000111000001000000110001000000000000000000110010000100000100011100001
00100010000010111010000000000100011110000111001110010100010000011000100010000000100000010000100001001
00011000011101011101110110000000000010010110001000010000001110000000001001110001000100001000000100000
10100010000101100110001100001110000000001001000010000001000000101011000101000000001001000000110011000
01001001001101000000100000000101110011100000000001010001000010001100000111101001001001001001100100001
00000100000000000001100001000001111010100100100010100110010000100100001000000001010000000001000000100
00110110001100000101001000000111000011001101010010010001000000101000110101000110010000101111001100000
00000010100001001000000001000000000000111000000010100000001001000001100001000000101100010001000100000
00010100011011001010100111001011000101111001010100011000100110000100000000001000000000000010110000010
01001000000000010100000010000101001000100010010000000100000000110000011100010001011010001000011000001
01001100000010100010100010000110010100010000011000110100011101000100101000001000001101001110010101001
00100000010010000001010011001010001110111100001010000110110000000000100100100100001000110100000000000
11001011000100100111010000000011000000000000000100000011111101100101000101000000001100100110000000000
01010100101000001000101101110010000000000000000001111000000111000100010000000100011001001010000010000
10001001000010000011100010001011100001001001100100000001001111010000001001110000100010011101010100010
01010001101111100100011001010100100001111000010000000100100001000100010001000111000000100001011001001
00110001110100000111001001101000010000000000000100011110100101001010000010010000000110000001000010101
10010000001010000011100001010101111000001000000001000000100011000011000000010010000000011010100000100
00000001000011000110000000000010000010010000110000100000010000101000100000001001010010100010011111000
10000000101110001000000001000110000001010110111001000000000011001000000000010000001000100011001000011
0001101000000000000001110000000100010001011000001011110101001000000110000110000100011011000010000000G
