S0100101000000100010010001000010010111000101100000000000010010010110000000011010010000000000001000000
00000101001000100001000010000000001000100000001000100000000000010000110100010010011100010000100000001
00100011000000000110000110000111010100000111010100010110000101010000010100010001000101011010000000001
00000110010101110010100000110001011000001010010101010010100011000010000000000000100000110100000100100
00011101110010000011011000001100011001011000001010011000000010010001100000110100000000000000000100000
00001000011100010001001100001000001101001000001110101101001110000001000010000110000010010011000010010
00010000001100011000001010011000000000000100011000000010111000110001000100100010010101000001000001000
00100010101011100010000000100000001101010000000101100000001101100011001010100000110000000000010001000
10100000001001000000000001001000000010000010000110000000000011000000000010001100100101101000001001001
10000001000001101000000000010000110001000101011010100000010101010100110000000101010000000001000010000
00000000001100000010001000011000000001100000001000010000000000100011000001000010011000011010000100000
10110011000001010000010000000000000000000100111000100000001000100110110000000101000100011000000010001
00000100010001100000100000110100010100000001000001000110000100010010001001010011000001000000000001100
10001011010000000110000011101111110010100001100000000100101100000000010001100000100001000000011010010
00010100101001001001011110010010011010000110001100001100000100010001000000100101001100000010000000000
01001100000100000000000000010100000010110011010000000100100100101000000010001111001000000001000010000
01100001000011010110000100100000000010000001010011011101000000100000100100000001000010011001010100000
00011100000100000100001010000010010111001011000110001000000000000100100000000010010100100011000000011
00000011000100000000010001000110001010010000011001110011100000010011000000100011110001011100010000000
11000010010010101000111001000010010000010010101011100001001010010101000011010000010000100011101001000
10000000000100100100001101000010000011010000100100100000111100000111000001010100010011100001000001100
00010000100100010001100011010100110000100000101000011110101010000000011010100100001000011001000100001
10000000000100010110101000000010000000100010100101011011010000001010001011010001001100100111000001000
00100100111110000000000100100011011111000011001000010011011000010010010001001001001110010001010000110
10010001000001101001000000000100000000100000000100110000100000000110010000000010000000010010000010001
00000101000010010000100110000011100101000100010011111000010011100000110100001000100000001100010000100
00001010010000000010000000001010000001111000100010001001001011110000000000000001000000000000001011000
10000001000011001000001000100001011000000100010000001111001000000100000011101100110011000001001100000
01100001100110000100000000110011100100100100000001000011110000100101001000000101110010000000110000110
10100001000000111101001000010000100010101000000010001110000010100100010000011010000000001100000001000
01000110000101101001100001110101000000000000000000000011111000001010100101010100001100000000000011111
10010000100111000000010000100101000110010010001000000000100001010000000000001001011000010100010000010
10001000001010101110001000111010000000010110001000101010000000010000000001000001000010100000101101010
01010101101000000001000100010100000110001100110101000100110010110010000000010000000001001001110000001
01010010000010000000010000000100000001000000101101000000101000010000101000011110101000001000010011101
01000001001110100000000000100000000100000101000100000100000100010001101000011010001100100100001000010
11011000000001100110100000010010000001000000011001010010101010000101100000100100010001011001000001000
10010101110110000011001001011000000110001101100000011110110010000010100000011001101000000010000000000
00100010010011000000100100000100000000011000001100010000011000010011010100000101001000011000110001010
00110000100000110100010101010100001000000000000000110001100000000000000000010010010110101101000101011
00001011011000000101000101000110000100111001010100000000101101000000001001001000111110100000011100010
10010111000010001001010000000100110000001000001000101100101010000100001100110000100010110010001000001
11001001000100110000010000001100001000000100000010010000000100100100011100100000000000000000111100000
00001000000000100010000000000001001000000100011000010100110000000110000100010000010000001010000000000
01010000101000100000010101001110010101001000000010001100000110010001111101000000001100111110000010101
01010000101001000000010100101000101111100001001101001000100000101100010100000110100000000000110100101
00100000100100000101100010000100011000000001100000100010110011011000100001001000010000011000101010100
11000011000110110010001101001001000100001000010001010001010100000100100010100001001000110111000100100
00001100100010100011101000011100100000010010000010000110100000111011000100011000001000100000001001011
01001000001110100000000010000010001101000001011010010001010100010100011011000100000000000110011111010
00101000100000111001000011001100001100000000000001010010100001000010110100001000010000000110011010000
00010001001001010000101100100100001001010110000010000011001010110010001101000100000011000100101100110
00010000000110000000110010000000000011100100100000000100000000001010101010111110000100000000000001000
01010001100000100010000000100101010100000100000001000001111110011110110000001001100010000110000100001
00001101000101000001001000001000100000001000010000000100000010001000000000000000011000000110100000000
00101001101100000000111100101000011001000000001100010000001000011000000101011000101000000000000011001
01010110000000100000000000000010100001001001101101010011010110000000100010011000000011011000000111000
00000101000111000000001100010101010010111101100101000110000010010100011001100000000000010000001011001
10000000000101100010110000000000010000100000000010100000000100001001000110010110010100010000111010000
00010010000011111000000010110001100010010000100000001111100100001000010010100010001001000110110000000
00010100010000100101101100101000000100010001000000001000000000000001000000010000101011001010010001000
10001011010100000101100110000001001000011000010010000100000000100000000000000000000000100100101101001
00011110111000100000010110011101000000101110000100010000000100011000001000000100000010111100000000000
00001000101000011110010001100001000001000001011000100000000000000011100101101010101100010101000011000
00001110000000010000000000100000000010110010100000001101100000000010100101101001001111100001000000010
01000010010001100011000010111000000011001101001000010000000001000000111110000010000000000100000101010
01001001000110001000110100000100000010001000101100100000000000000001001010001100011001111100000110100
00011100100000001010011100000001011001010100000001000000000000010000010011000011000001000011010110001
00101000010110000000011001010000010001010000001000010000001000000110110110000011000011010100001001000
00000100001000000001110110101100010000100110110001000100000010100001000100010111001000100100001001000
11001010001111000110000000011000010000011000101101000000110001001000001001001000101000000000010000100
00000011001011001100011101000001100010100000001000110010000000000010000100101111000000110001001011101
01000000010000100000000001011111000100000010000100110100010010010001001000000000010001011011111100010
00010100001100000000001001000110000001000011101100111010011001000001010011100011100100000100000000010
10000001000001010000001011000010000001001011001010000110010010000110110101001000001000001000000000100
10100010100010001101100100000100000000001000000001000011110110000000000001100000001011001101010010000
00010000000010110001011010001001010101000001010001000000100010000001000000011011000000100010000101010
00000110000010010010001101010010010011010001000010100000100000000010010000100110010110010101011100000
00110001100010001000000001100111101101000101100010010101001000100001000010010001001010001000011001101
01011010000001100011001000000000100101001001101000100001100000000010001101000100000001000011000000000
01001000010000000000001100010100100101111100001001110010000000110100110010000001000000100011001100000
00000110001000100000011101100000000100010000000000110000111010100000100110010100010001000011000000011
01110101010010010010010000010010000110000010010001000110100000100000000000000110001101100101000001100
00000000000010110101000010000001001000010101100000000011101101110000010000110000001000001000100010100
11000000000001000010011010001000101101010000000000000001010100000000011111001000001000000010011010000
01000010100010001111010000000010101000101000000010010111101000010111001010101000000101100001001001101
10000010111000000000011000110000000011000110010100101010010000001001100001010000001011001100010000010
01001010000000000000101001110001111010001100101100010000101000001000000000001000100100011100011100000
00010000000101000100001000101100000000001100000001000100100000101111001010010011011100000000001111000
01000000001010011000110100000110000000000000100000010000010000010100100000010100011000000001001000010
10110001011100000100000100100001010110010100000000100000011100011000111100010011000100110001000010010
00000000000000100000000000010100010100110000000010001100010110111000001010000000101011011000000001000
01010010010110001101100000110000100000000000001010101000000101001000000100000100011000101010000000100
10000100011111100010001101010000010100000111010000000000101001000000000100000010101000010000101110010
00100010100100011011110011101000011000000000000001000001010001000000101000100000000110001010110110010
11100100010001001000100000010000000010010100110000000100110001001101000001011001100001000000011000000
10010100011011001100000100110011001010001011000110001100001010001100011000010101001000000000000001010
01000001000000000000000000010000010010100000010100000000100010011100011001001000010001110000000010010
00010000000100010000000000101010000101011100011010011100100110101100111001000010000011000101000100010
00000000000000000000101010100000010000000100100000100000000000010001100101000010000010100010001001100
1100000011001100110000000010010101001001111000011000100010010010110000000001000101101000001001100100G
