S0111110101001010100000000000001001001000000010001100100000001000000010010000000010100000000000000010
01101000100110000100000001100000001100000100000001001000000001010010000000110000001000000010000000000
00000110101000011010010001001101000001000001000011000101010001000000100000001000000000100000100000100
10000000000110101100110000001100000001110001100100101000001111010100010001010000011100000110000000000
01010011000010001100100111000101000000000100010110000000000010010000100000100100001000010010010100000
00100000100111010111001010011010010101100010001001110000001101001010000000000100001001000100111100011
00100010000001010000100011000010000000100000100011000001000010001000100010011000001000110011000110000
01100000110000011010000000001000001010000000000000001100010100100101000010001000010000000100001011001
00010000100001101001100010010010100100000011011001010010011010100000001001101011100011010100000000101
01100100001000110000011100100000101000010100101010001000000000110000101000000100000000000110000010100
00000011000000011101001000110000001100000000001101010000000111000000011000001010100100000010101001000
01101111010101100100100000000001001001000010101000011011000100010000100100000110100000001110010010010
01000000001010100010101010001011000000010010011010000100110001001110010010110000011001010011100000100
00101000101101010000110010010001000000000011101000001010110011011010010001001010001000001010110010010
10010110001000010001110000101010101111100111011000000011000000000010100000000110000000010011000000001
00000010100000010101000011000000010000010100001000001101001100000011000100000001011110000011000100111
00000001101000110111000000100000011100010000011001100000111010000101101010110000000011100010000100010
10100100100000101000000000000011001100000000100100100001100100011000011000100000001100100000001001000
01000000000010001011000000000111000010010110010010000000011100101010000100010001000010100010101010001
00101001001010010110010000000000100001101101100011010001100110001000010001000000000101101000010010000
00111001001110101100100110100000000001110010010000100011000001100100001000011011000010011000000010011
10001011101001000010101100000000001010000110001000101100100000110011011011010001000010000010010010000
00110100001001011101001100011001000001010001011110000000101010001101000101000010100010000101010100001
00000000010000001100000000010011011100010010100000010100010000001011000010000100000000110000100001100
11100000100110100000010001001010100010000000100111000010001000001100000101101100001001001111100000001
11101001000010001010100100010000001111010000001100000101000000000110001001110010000001010001000001100
00001010011000000000000010101110010001010000010001100000000001101000000100000000010000000000000100000
00001100101101011000011011100110001000101000100010010100101000101000001100000000010000010010000000010
00101001100110110100001100100101111010101010110000001000100000110010011001010001000000100000000100000
01000010000001000000000000011000000001100100110000010000101110000110101110100000010001001000010101010
11000010000100000010000001000001011000011011100010000000000110000000000000000000011001011000000001000
00101111000010000011000100000001010101100000010100000001000001010000011001100000011000010000101100001
01100010101000000100101100110110101001000100000000100001000000000000000000001001000111001001000001001
00001000010000010000000001000110000100001001000010010000101000000010001011100010011100000000000001100
01110101000100100000010000111001001010010000000101000000000000010001011000111001000111000101001101010
10010010001011000100101000000000111000000100000000001000101001000001101000000100010000000000100100100
01010010000000011001101000000000011001101010001000100100101101000000000010111100000000000100001001000
11000000100100000011010000000000011000000010011000000100010000000001010011000000101100100010010100100
00000100100000100010100010011100100000100100001010110000010010000100010001100001010001000000010100000
10000100100000110101111001000010100111110101000010000010010011000000010110110000010101011010100001001
00010110011010001011101010100001001010000100010100000001000000101100000001001100100001000001000101000
00000000000000000100001000000100100000000001011001011010000000110011000010001101101000100010000000000
10010001100000100011000111010001000001010000100000001111111000001010010001000100111001110001000000100
00000010010001001011110110010000000011110100110000000001000000001001000100101000101111000010111000100
01100011000001100010010000100001001101100000011011000000100101001000010010011000010000001101000000110
10010001100111100001100010000111000000000001110000101010000000100010000101000000000000100011000000000
00101100000110000100000011000010110100000000010001000000010000000001001001100000010001001100101100100
01000000001010000000010001100110010100000000000000010000101100110011001110000101001101000000010011100
11010000001000110000000100010100001000101010110010010000001011000101001000000000000100110000000100001
00000000010000000000000101001000110000001100110010000101010010000001010001010000000001000000000001000
00101000110001001000000000011101001100000010001101000001001110000001100000010101010000100001010010000
01010000000000110000000000100000000000100000101111001000110010110100000000000011010000100000001001010
00101010000010000000010000010010111000001001000000010100101100100000000001000001100010000111101000101
00101000010111000100000000000000100000000001110010010010000110100000010100010010100011111110000000101
00000010000000001000010100010000100010011000101100100011010010100001000100011000100100001010000111100
10111011101000000111000001000100001011010100000000100001000000100000110001100000010010100010001100000
10101101110001000010001010011100000100000001001001100000001101010000000000111110001010000000111100001
00000000000100000000101001000001101111011010100010101011011010110100001100000100001010010110000110011
01100011100001011000010000111000000011001000110010011001000011000001110000000110110000110011000110100
01000110000011000000000001100000000110000000010001101010100010000001010110100000010100000101101000100
00001000000001010000010000010100000010010000100100101001000000000001100000100001000100000000000011000
01001000110000111000100100001000000100000000001000100101011111100010000000001100000110001101100000100
01110001001000000000001000011110010101000100110010000001000100010010100101011010000000110000000101000
00000001000001000010110000100000000001000000110000000000110100100000000000000100010111011001000110111
00111000000000101101000010000110110110011000100001001000000000000000001000000001100111000001000001000
01100000000010100101000000110001000011011010000010100010101000000100000000000000000001101000000000000
10000011100000000000000101001101100000100000000010100101001011010000010000000011001000001010000110000
00000110000000001001000000011001001100010011111000100000001000000011000101001000011110000000000100000
00110100001001000011000000000010000001011000011010001110000100010000010010000000110110100000011001100
00001000000000001000010110100000111110100011011100000010000000101001000001000100000001010100000000101
00000010001110111111010000000001001010100110000101000000000000010101101000110100101000000000000111000
00111000001010000000000000010010100011011100010110010100010001111010100000100001101010000110100110101
10010000000100100001000001010100001010100111001101000000101000000011000010000000110001001010100010010
00001000010111100000000000011000000101000101000000001010000100111000101000000000001100010000000111000
00110101100000000000100010010001110111010010000001001010001000010000000000101000100011000010110001001
01101000000001000000000111000100001100011000000011000010000001001010100110100100100000000000000010010
01100011000001111000111000101000010001001100101001000000000000111010000110000001000000001000100001010
01010000000100000000000100110100000010000101010000001001001001010010100000011000100000000001100100000
01000010100011100000110001000001000000001010100000000001011000101000011001010100000001010100001000100
00100000000001011100010100000000000000000000010110100010010000001010110000010001000000010001000001010
00010000010000010011000001100000000001010101011011100001011001010000000110110000001010000000001010000
00000000001000001000011010100010110001010101000010101010010111011000110101000111100010010000001110100
01000000010010000011000110100100100100101000110000001100101011001000000101000000110011011000000010001
00000001011001000000001010001110011000000000010110001001010110100100010000011000110110000001010001010
10000010001000010100000000100101010001101000000001001010100000010010000100011001010011001010110111000
00101000010100010001101000000100110100001001011001101001011100000100100100001101010000110010000010000
00010000001000010011100100000010100110000000011000000100000000011100000000100101000011000010100010100
10100010000110000010101000010110001010010001001001010001011101010000100000010000001101001000101001000
10001000000100000000001010100011001011001100010000100000000001001010110000010001100000000001000010001
01001000000110010000000011010011000011000001000000000101100110000100000010000010100000000110111110000
00010000100110001000100100101100010011101000100110100010111000011001111100011100011000000110110100000
11100000010000100000000100101010010010100100000000010010000100101000100000100001001100000000110010000
00100000101001000100011000000000111000101000000001000011000011100000010100100000000000000010110010010
10000000100110100001000000100000101110101010000010000000110110100111000000000000001001010010001001101
11000000000000011000100000011000101100101100101011100100001001011000001100000001010111010000000101100
00000001000000111011101000001100000010101000100110101100001001101001000110000000100000100000000000010
00010100111000100000100101100100000011010010010010011010101000101000000010010010111010100000101010010
00000101001100101000000010110101010010101000101010000100000100001010100101000010001110100111001001010
01010000010010000010100000100000000001111100001001000000100000000110100000000101101101001000111001100
00100100000000010100001010100000000000000000010101100110100110000110011010100101100010011101000001000
1100100101010101010000000001100100110000100110001001000010000100100001000000000001010010001010111000G
