S0000000010000110110000110000010001000000000010001101000000000100000001001000110100011010100000101000
01011111011100000000001000100001010110010000000000000100110011000010100001000000000100110010100010011
00100000100000000001000010001100001000001001100000001001000010010010010010000000000000000010000010000
10011000111000000001100010110010011000000111000000100000001011001000001000000010101010001000000001001
00110110010110010001100011110001101000000110000000100001000010111000100110100101101100000000000000010
00100000011010101001010001000000001000010001110100101000000010000100011101010100010001010010010001000
00101000010010010100000000011011100110100000000001110011000001000100000010101100010001010011001001101
00000011000101001100111000011010000000000110111010010001100000111001000001000000011111000101111011001
10000000000100000000011010000110010110000000000010010010011000101001101100101000000001101010010100011
00000011001001000010000100111000100100000001001101010001000001000001000100100000000010101000011101010
00010100000100101010000001011001010001010010101000001100001000001100000000100110110100011011010100000
00100000010001110000000000001001011001010101100010000001111010011000100010100000010101101000000000101
10100101000000000001010000000010010101010000100000100001001111110011000111001001111100010100000000001
00000000000000000000100101010001000101000000101000000000011000000001000100100101001000000001100000010
10000010101110100000100000110001110000000000010000110111010101000001000010000001001011001101000000001
00111001110100100000011010101001000001000101100100000110011001010001000000001100001101001000100100000
10100010110101101101001001010111011000100010010010011000000001000010010000110110001011001111010000110
01000100100100000010100111101000100001001100000011100100100001001001000101001010000000010000000000000
00000100000001001000100000101001101011100111000000000000001000001010000001000100100010001010001010100
10011000000101000000001100001100001101011000100001000101100001000011111000001000000010001001100000010
00100111011000010011001100001000110010001101000010011010100001000001100000000000000100101010001000010
10010000110010111101000101100000000000010100000100000000000010010011101000010100000010000000001010100
01000110000100000001100001101000100010001000000001001110001000001001011000100001001001000001111100000
00010010100000001000110001010001000001100110000000000001111001110000000001000011001000001100100100000
00001100010100000001010001101000110001010111100110000100000110000011000011000001000001000010000100000
11010111000100000010100000000010001010101100011100011000000010010100000100000000000010100010100011010
00000001011101100000000001001000001000100110001000111000100101100001100101001010101101000000100001101
10000000001111010001001001011000101011000100000000001100000000011011000111000011010001000010001001000
00010111001000001000101100001100100101101110000000101101001000000011000010011000010000000000001000000
00110000101001100110000000001010010010000011000000101000000000100011001001000100001010000010010100000
10010101000000101100000100100000001001011011000110100101001010000000000110000000010010000000010001010
01100100110110100010010001000110000001000000011000001010000110000000100010010000001001010010100000000
01000000001001000101001000000000010000000000000000000000101001100010001000000001011100101110000111000
00000010101101000100100110101100100000001000000000001000110000000001000001001000010101110100001101000
01000001100010110000000101000011001000011000100011011000010100001000000000110000100000001110010100000
00100100011000011110000000001000100100001101001110010100001001000001000000011110001001111001011001110
00000110010000000101010101000000000110001010010011000000000010000110000001100000111000100011001001001
00011001000000101000100100101100101010001100100101000010000110000000000100110000111000000001000001000
00100011001001000100001001000110110001000100010000000000000000000000010011010101101000111001000100010
00000000100001101001000001010000010011100000100010000000001000010110010000010000000010000001100011100
01100000000000000000111100111010010000000010000000101111000011000000000001100000010000001110110000001
11001101100100100001100010000001000000000010000100001000001000100110100000011000101000100011100001010
00000011110001001000110101010011011100010100010010110000010011000000110000010100101001000000001000010
00001000000111101000101000000100100100110000010010100101000101000100010010000100001011101101010101000
01000011101110010100100000000001010011010001000010000001000000100000000100010011001010000010011100011
00000101100000001001011010010010100000010001100010010000000010001100000101010000110010110001000000101
00001000011000011001001000000001010101000011001010000000001000100001000001001000101110011100000010001
10110001100100100110000000010010000101100001000000010001000100100100110011110111010000010000010010100
01010010010001011010000101000100001100000000010001000000000001100101010001101100010100101000100110000
00001000000011011001011100010100000110000000011110001000000100001000110010010001000000001000100000110
11010000000010001101101000011001110110010101000110100000010010000001010000011011000001101101101000010
11000001010110000010001000101001000010000010010010000110100100100000000000001110000010000000001110001
00000010111000101110000011000001010000100100100101011100100000001100000010111100000001100011000000100
00101010000101011000101101010000101100001000000111011010101000010010010000000000000010110000011011001
01100000011000111001010110001000001101000000010000010010101001000100101100010000000010011100001100010
00000000110011100000101010000001000000000000000001100011001000000100100000110110000000100001010101100
00100010111000100111011000000000110100001000011001000001110000000100000100010000100000011100000001101
10000101010001000001110100011001100000000000011000010100010001010000000011100001100011010010000000100
00110100100000101001100000100110000000000100101010001000100010000010000000010000000101100000000000000
10000011101000000111101000000000101000000100001000000010100001000010010110110110000100001000000001110
01000001010011100000111011110011000000000000010000001000100000100101000000000000101001001100001100100
00101011000000001100100000101010000000101101010010010000000101001000100100010010000010111100110000110
00100100110000000001000001000010110010001000010000000001011000110001110011001001110000100001000000000
01010101101001000001001100000100000000000001100001000110110011000000000011110010000100100110011000100
01001000000000000000011001000000011110100000001000011100101000110100000100001010100100000000110000110
00110000000001110000000100100100010011000100100000001110001110110001000100000010101000010111000000010
01001000010000100100010011101000110010100010100100000000001100100000010010000010000101011000000110100
10001010001110100101000011110010001010101100010110001000001000000000100010001000011000000010000110100
00100000000100000000000010000001011001000001000001000100001101110011001010100111100001111000100100001
01000010000100101011101010001010111000011000000000001010000001000010000000100111000011110010001001110
00001010001010011001100011000011110001011100100010100010010000000011000000100000100011000100000011100
01011000000100011000000110001010000101000000000100011101001011101111100001101000101010010011000111000
00110000010000101000011001001000000001000000001000011000101001001000010000110000111010100010110010010
01100000000000110101000011000110000001100110100100001001011000000000010000000010011100000111011100001
01010010001001100100001001000000111010001000001011100000110000000010010110000000000000010011100100110
00000010010010000011000000010000010000110110100000000000100110011011010100000000000000000000010001001
00001001010001010100000101000001000011100010010000010011000010101000011001000110100001000001010000000
00110010000011000000000100110110110110011000110100000000011100010010010110110000000100001001000000001
00000101011010011010000000000000011100011010000000001011001100000100010101011000000000000100111000001
01000010001100100000001101100111000110011100000000110000000000000010010000000100111001000010010000000
00000001011010010010010100001000101000110101000011001010101001010000010001001010100010000000011100110
10100100110100011000111010000000100010001001010101000000010000000000000001010001010001000000001000110
01011100000000100010000001000101000000100000000001000000000000100001000000100000001000000100000010000
10000110101101100110000010011000010100000011000000000100001000010000100100000000010011010010001100000
10000011010000010111011100100001001000100100011001101100001010110000000110011000000010000000000000000
00100001111101000000001011000010000001000010010001010010110100000101000000000010010010100100100001100
00001111000100001001000000110000001010101110010010010010001010010101000000001100100001001000001010001
00000000011000001001001010000001000100110000100011111000000110100000000100000001110000001000011100001
00000000001001010000100000100010001100011111001100000001100100101001010000110011000000000010100000110
01000000100000011100000110001010010000011010000001110011000010001000100101011010100101001001000101000
01000000000010100001010010101100001000101101010000011010111010001100010011001100110010001010110010010
01000000110000100010000011001110000000100001110000100011001110000010000110110010100001000010000100001
00010000101001000000000000100011000101011010010000101010100100001000100000101000001000001010000000110
10001010000101100000011100011010101000011000111100010000101000001111101110001001010011110001110000000
00000000010010100110110000011000000100011001011000100110000001110101010000000010000000000011100000011
10100010001000100001011010100001010111000000100101000000010001000101000000000000000110110000100100010
00000100001010000011111001001000001011011001010001101001001000100000011010010000001010011101000101010
01010101000010000000000000001000000011001101100110100111000001100101110001100101100010100000100000000
10100110110101000000001000100000010010000000100110010110010000000001111011000110110000100000010001010
00010011010000110001111011000000000000000001011100000001001000110000001000000011010001010110100111000
1000001010000000110100100000101100000001010000000110011000011011000011000110100000000101000110000000G
