S0100000000001010000010011010101100101000000000100010001000101001000000100000010100000100001000000000
10000100100000100100100000001000110100010001010000100010110000011000010010100110010000010000100000000
00000000110000010001000101001110010000001000001100001001000000011011001000000100101000000111000000000
00000110000000100000000000010000010100100100000101101010000010100000011001101000010101100111001001000
00100000001000011100110000010000100000000101010111000100000000011100010000011100110000110100110110111
00010100000000101000001001111010100000110100100000100100011001000001100100100000010010010001100100000
10000010101110100100001100000000000101000010001100100100000010010100001000100000101001000010110000001
01110110100001001011001001010010100000000100101100110001100111100010111110001000000000100100001100001
10011101001001110010000001000000000011110000000000000000000001100000000000000101110100000000101000000
01100110100001000001000110000010011000010000010100000000010100100100110011000100101010110010000000000
00010001011000000000111011100101001000000010110000001011101000010000001001100001011011100000000110000
00100001000010001000000100011001010110100100000100000010000000000000001000100010100100001000100100010
00000000100001010010001000101010000000100101100010100100100010000000100000100101000000000000001100001
10110100100000001100100100000110101001100000000001011100000101111010000000010010000110010100000001000
00101010010010010100011000010000000000000000011101000000001000000000001000001001001100100100000101100
01101000000000101000101101101101011000000000100010000000000001010000111000001100010110001000011001001
11000101000100100110010110010001110010000000110001001111010000000000000110000101010000011000001101000
00000100011110010000100100011010000101101010001110101001000000100001011000000010000001000000010000001
00001000001011001001000011000001010111101001010000110110001010000001010100100100000000001100100000100
01111011100000001000011010000110000010000010110000100100011010010000000011000000000011000011000100101
10000000100001101100110001011100000000000001000100011010010011100000110000001000010000001010010100110
01101000000101000001100011000110000011001100001100010100001010000000101010100010000000011010010000001
11010010001000001000000000000110110000110010110000000101100110000101101000101011010100000000010001010
00110110001111101010001000101001000001010001010000100000100110000001000101100001000110111110010100000
00001010100110110001001101000101001000010100010100001110100101101000001010000000000101110100000001100
01000100011000000101100100010110100101000001100010001100000011111001000010100000001010001000000100010
00001010101001010011000000001100000111000000111000100000001001000001110000000100011001001001000000100
10000100000000010001001100001010010010000011001010001010100000000011000000000000100110011010100110001
00000001000000000100000000000000100000001100010000001111000000000000100110000000100000100001000010110
10101010001100011000000001000001100111001100110001000000110001001000000100101000000100000001001000010
00110100000110101001100001011010110100101011000000110000000110001101001001001000000010110000000010110
01000011001110000110001101000110010110000011001110000100100000000100000100000001001001100001101000100
10000001000010011100000000001111101011010001000000000000001001000000000000000000100110001011100001101
10001000000000000000000001101001000001000000001011000110000100001110001000000001000011000110000000000
00001000010101100000010110101100010001000010100100011001010010100010000100000100010101100001001000110
01000000110000000011000001000000010100000010101100000000011100100000001001010000001010000000000011010
10000000110100000001000011001000000001000100000011100100000001101000000100001111110010100000000000010
00100100000000000001001000001000000001000000101000000110100101000110110010011000000100000010110111000
01010000001000000000010110000001000000000101100010011000100000000100101010000000010010101000011001010
01010000111101001001100000010001100000010000000010000101001010010100001000110010101110110000010000000
11000100000000000001100000000000010100000000000100000000100010010100101100001010000100000000000011000
00000001001011000010001000000000000100100001000000010000011000000010100100010001110000100011101111010
00011101000000000000100100000110000010110010010011001001000110110110010111010100000110001010001100000
00001000001100100001100010100010001100010001001010000000000110101000010101100000000001100010001010011
10100100001001000000000100101000100010000000101100000010000010000011100001010000011111000100111000000
00101000000000100001110100000100000001001000001000000000000010000110100101011101101100101010100000000
10100100010001010000100010110100010110011011100000100000110000010100000000001001010010100000010100001
00110000000100101000001000010000110001010100111101100010101011000100110100000000101011010001000010000
01000001000010100101010000010011000000000001010101000000010100100101010100100010000100110111000000100
10010010000000010100000011011000001010010000000101110011101010000111010000110101000000100010000000000
00010100100010000010010001001110000001001110110000110010001000110001100000011010000000001010001110000
01010001001010000011000101110000000100001000101000010100010100000000101100001001000010010010000010000
00100110011000010001010100110000000100000000101100011001100100110010000010100100000001001000101110000
00010101000011000110010011101001100010110100110011110000000000110110111000001000011010000010001000100
00011110110000000001100010010001100110000001100000110001001010011110000001110010101000110001100101010
10000000100010000001000110010000000010010000010001001110011001110001100000011000000011001010100000000
00110101000001000010000100001100100011000000000001001000100110001100101101010101001000000100101100011
10100100110010000101000000100000001011010000001100100111100100000001010000010000000000010101000100011
01000010001000000100000000110000000010010000000001110011111100000000000000000010011000011110000000001
00110001001001010000001010000000101100000001001010000000101000100000011001000000100010000001001000101
00101000110001100000000000001000001000000001000100000010010000000100000100100000000100000100100000011
01101000000110001010000100010001000101110001000000000100000000011101001100000010001000100100000100000
10000011000000101010000111100000010001100000000000110000110011100000100000110010000010000000010000100
10001010000000001000001100001011111000010110000000000000010111100011100001010100000010000010110000010
01100010000000001001000000001100010000000001000001000011011000001000110000000000100111000011000001011
00000110001101010000011000101010110000000010001000010011110100001001000010001000100110101000100101000
10100111000010001000010000000011000001100100100000011110100101100001110000100111110111000100101100101
00011101001100000000111010010010000000000110110111001110000100000100000010010001001100101000001010010
11110000000010100000100000010110010010111010100000000000001001000011001110001000000010011011000010000
00110100000000000010010000000101000100000001001010101010101010001000001001000000111010000100100000000
10100111100000010010000000110011110000010010010011001101000001100100100100000010010001010011101100001
00000010101100000100100000100000010101100000010001010011010000110100010110000000110000000001010001000
00010000101000010100010100000100000010110010000000000101001000010001000010000000010010010111000010000
00011100000100010000010010000001100000010010110000000000000110010010000010000001010100101000011100110
00000001101000000001100001000101000100001000101011010000011010000010100000010011111100000000000010000
00001001000000000000101000000100010111000000000011101000001110101100001000000000000110000001100001000
11100100000001100000000000010110000011011101001000010100101001001000000000100100000001101000101011011
00001110010011011000000000001110000000000100010001000010000010000100010010000000100100000001010101000
00000011000000001010011000000001010000100010000000000001001101000000000100011000000000010011001001000
00010000100100100000001111100100011000000101001001000010100100110101001101100000101011011010000000010
10001000101010010100000100010000100010101000010000110000000000000000000101010000000100011100001000010
10010001001110110001011001000001010110010000001000110100000001001000000100001100110101100001000000010
10101010100010000000110000010000000000000010001000100010100100001000001010000100111010100000001100100
01010110001010011001001010100100000010101000100010100001101110010011000000010100100000000111000001001
00001000110000001010110010010000010000011000000000010010001000100100010100100001010100000000000100010
00110101000011000011000000100000001010100011000001010101000000100000000001000010000000000101111100100
10010001000001100001010010100000110001100001001100000110111011100010100001100000001110000000100000010
00100000101000011110101100110001000101010001000000100001000100000010000100011110000010000010000000100
10000000001100000000001010000000000010010101010000001000000000000101000000001001110100111000000001010
10010101000110000001000111001000000000101100000000011010000100010100000001110000101110000010000010101
10100010100000100000001000000000010001000111001110111000001110000001010000001000001010001001000010110
10000110001000000100000001000011000000001001010000000100000011001110100000110000010000100100110011010
10010000010001110000101010101011000011000011001000000011000101111001000100000100110100000100010111000
00000000011001000100010101000000000011100010000111001110100100001001000000010110101000000010011000000
10001000010110001001101110000000110110000000000010000001110100000101000100110110101010010000011001010
00000101101010000010000010000001100000000000000000011010010000000000010100101010100000001100100101010
00000000011100001000100001100000100001010001010000100000101001000011011011000000101010010000001101011
00000110000000000001010000000000100011001110010001010100010010100000010010001100011101100001011000010
00100100100000010000001000001000000010000100000000010010010000000100110011001011000000010100100010001
01001000010001000000101001011011011010001000000000101000000011000010100000100000001000010000010010001
1010000000000100000000110000010000001000000000100111001101100100111001000100110101010010000000000000G
