S0000100011010000111000001101001011100100000011011000000000110011010000010000000001000100000000000010
00010001100000000001000100100010000010000100000000000000111010100100100100110101010100010000000011000
11000001010000001001101001000100000000010000010000000100010010001000011011001000001110000110001111010
01011000101001000011010001111010000100001100010100000111011010000000000000000000010000000000010000100
00000000101100100000000100010110100000100100010000000001000100011110010100000000100000001000110001101
10000101011000000001001000011000100010000101010100010011000000010010000010101000110000111010101000110
00000000100101010011110100101000001000100000001000000000000100000000100100011010100100110001110000000
00001010101000100000000000011000000000000000110101000000010010000011001000000110011000000000101000100
11010010000000001000100101011001100011001100010110000110000000001010000000000010001111100011001000010
01011000100000100100000000000000000010101010010010000100100010110001000000011001010000101001001101001
00100100000000000010001100001000011010001000010100010000111001101010011010001001001110100011000000010
01100010010001010110100010000100100100000000001101001010100100000110000000000000000100100101010010010
00100010000000010000010010000010000001100100001000100001000010011000000100010010011011000110101010001
01110100011011010010100011001001000000100000001010000001000100000100010100000110001000000100010110000
00001001000000000101100101100000001010000000110001000000010001100010000110101100101001010000010000000
00001010010110010110000001011101110000000000000001000000101010100000001101001000111000000001000001110
00100001000100010010000000110011010100010101100101000000001100100000000001001100010000000110011001000
00000000010011000000011001000101000000000100011101011011001101001000000000000011000011010100100001010
11000110101010110100010000000000110010000000010000100010010010010000000000000101100010000101000000001
00000000100101100010001101101001100010010100000100011001100001000000000110001010000001000001001000000
00010011100000000100101010100100010000100100010100000000010000000001111000000001000000101000110100100
10100000000110000010101100011001110010110110010011000100000010011110110000010000110001000000000000001
00100001010110000001000001010110000011000100100000100000001010001001100100000110000010100010010011010
00010000000110010000000011000001000001110001100011100001011110111100001000000100000010001110101100000
00011100110001100011000000000000100010000000010011000000000000100000001011000000110000000000000001000
10000011100011110000010011010000100110100000001110101010011010110000101101010011110110000010101001100
10001100000000001101110001100001110010110010010001100000000010110000011100001100001010011000100000010
01010010110000001010110011010111001100000100011100001101001110001100001000100001000000100000001000000
00001000000001001001100000000100010010000101000000000000010110000000000100001110000010010011000101000
01000000000001001010000001100100000000000100001001000100000000001000000110000010001001101011001110110
01011001100000100010100010110000101000011001100111010000110000000010000000000100001000010100100100100
00001000000000000001000010100001101000010000001010000000101001000100001100000001101000010001010100000
00000000001110001010000100001110000000010100000000100111010000100001001101000010100110110001000010110
10000100001010110101110101100000000010000000000000111100000111110010010101010010100000010000000000100
00010001010101011000010000000100101000010011000100010101010110000100011001000000001100000110000000100
00000100110000100100001101000100001000100100000110000000000001000000001000010001000100000000100000000
00000010100010101101001001100100101100000100110001001110101000000000011010000110010100001000100000000
10101000011000000011100011000000010111000110101110010001000001001000010000011000010010000100001010100
10001010011001011010011100100000100000011001001011001000000101101000011000010100100010110000001000001
00011001000101011101100000001000010001000100110101001001000100010100001101000100001010000101010000000
10010100001101001010000000000011110001000000110000100000110000001001010011010000010100000100101001001
00000110010100110001001000000010010100110100110000000000010100110000001010000010100001001010000001100
11100000010000100100100110111010101110000110011001001010010010010011000101000000100010110010111001100
01000100101000011010001001000000011000000010100000001001111000100010000000000111000000010000101001100
10000000000100010000110000100010000100111011000100100000000100011100101100000011000010100100001000001
00100100001000001011111001100010100011001000000000100000010010000000000000100001001000100101100100001
00001000100010001111000110001111100001001000101000000100000000101010101101001010001100001001110010010
11000100100000100100001101110000100001011101000101000000001000000000001000010010101001100000001001000
00110000010100000010010000011110001101010110101001001111101100110011000001000001011001000110110110100
00100001000010111001000000010001101100000011000110000100110101110001110000010100011001100110011000010
11000101011011010010100101000100001010010000000101001010111001100000100100001110000100101001011001001
01000000100101100010000000100000101001011000000100101000100001000000000000001000001100000110000111010
00100000111000000000000001010101101101000000000000110010100001000000010010100000000010011101000100001
00001000001001000000010000000010000000100100001000001000100010000111001100000000001000000011001000001
00011110100000001100010010001101000000101000010010001010000000100000010000010001011000001000101010010
00000001001111000000010001000000010100001100010000010000000001110001100000100111101000010000110110001
00100000000000000101001010010001000000000000010000101010010000101101010100100000101010010101101000000
11000011100000000000100101101100010000001011001000000000000001010000000001000000010101001100000000000
00000000101100000111000010000100110001111000001001000000110011100011011000001000000000011101101000001
00001000000000000110010000101001100010110010010100000010101100101100010000010000000100100000000001010
01100000001110010001000000100000000010000110001001110010011000100100000010001110100000001010001111001
01100000000101000000000000111010100010100000100010010110000000010001100110000001101000001001000001100
01100000011000010001000010110000000110000001010100000000001100010000010001100001110010100010000000000
00101000100110100100100000001000100000010010101010111000000000001010100100001100011110010100000011000
00010001011000010000001010111110010110000000100010010110110001011000001101010000001011000000001010001
00000110001000010010100100000110000000110000100100101011101011000000000000001010010101011001001001000
00001010001101100001000011010100100000000000101001100010001101001011100000100000000000000001001000101
00000101010001001010010100000100001000000000101011000110000001011100000111011010111000010000000011000
00100011100000110010110111001100100010000000101010100000000100001010000011100000100011011000000001000
01100000110100100000011001001010000000100000100100000010100000000000100000000001000000101000011001100
00010000100000000000001001001100000001001101000111100001000000010000010000010100000110010010101000000
11001000000000100000100000000000000000000000101000000000000010101001000000101010000000100000100000001
01110100001011000110100101000111000011000001000111000011000101100100100001001001010000000000011000110
00001100101100010100000000010011100100010000101010010000101010100010010010100000010000110010000001100
01100000000101001010000100000001000010010001110010011101100001100000101100100101000000100001100010000
00010010000100000000110010001000010000100000000011000000100010010010010011001000011111100100010111010
01001110100011000111010010010000000011000000101101000111000110110100000010001010000100100000110000000
10001000010000100000110000110001011000011001000110011110000000110000011000000000000001010000100010000
00001001101011000010011110000101010001000010100010000100001110100101000100100001100000010000100011001
10000000010110111010001110000101001100001100000110110001000000110001000000101001000000000000000000110
00100000000000000001000001000001011000011001010000000010001000000000000010010001000000101001001010100
00010000100000100000100000001100000011000111100000011000100101001010000100000001000000001000111010000
11010011011001101100010001010010111011000000001000011011100001101000000010010000000000011000000011000
11100001010110001011001001000010110000000000011001000000001001101010101000111000000001010100011001000
00011111010011000000111000000000011100000000001010000111000000000000000000010001000100010100100010010
00000000100000011001110000000110100001011000000000100010100000001010000000000000100010000001100000001
11100000001011000001000101011000010101100001000000100001100000100011000000000000011100000000011001100
01010100010000001000100000010001000001000010001010000001000000000011100010000100010000000001000000000
10100001100110001010010100001011110010001001000101101000001100100110100100011000001101011000101110100
00000000010011100000100000000100000010000010100001000001100100001110010000000101010000001101000000000
00100000100000010000001110000000100000101101010001011100001000000110001100111000100001000010000011001
11100000101000101010100001100100000000001010000001000011100100011001010000100000100000100001100000001
00100011000110000010010100010000000101110110000010000000000111010101011100010000000000100010000001000
00010100110001110000101000101100101011111011100000110010010100010000011011100000010100010010010011000
00010110001100011100101001101010000110000010010100110000000000100010100110100101100000100110000000010
00001100010010000000000100100000011100010100010100000001100110110000100100000000011010000101010010110
00000010001000010101100001010000000000000001100000001010111000100000010000101001010001010000110100100
00000010000110000000100100100000000000000001101010110010110000000000010000110000000010000000010010001
00000010011001000011001101010001000100000000101000000000000101000000000010000010110101010010100100010
00000100000001100001000001000001010001100111000000000000001000000010110010000110000100110000100000001
0000010001000000000000100000101000000100110000000100101000001101101010000011000101100001000000100101G
