S0000000001100110000000000000001010001011010001000010011000000101010011001000001000100100011001000100
01100000100001010000011111011001000000110101000110101100101010000110010100000000011000010011110001110
01001011111000011111001000000011010001000000100101000000011100100100001000010100000100100000000101001
11010110000110000100110001000011001100001011000100000001000001000100110100100000010110000001110010000
01000001110100000000000000011011101001100100111011100000100011000000010100100000010101010011000100000
10100001100001101010001010001100110101000011000000010000010001000001000010000101101100110100010000000
00101001100111000010000001000000010000000010100001100110000101100001100000100010000100001010010001010
00000000101000001000001101000001110000001100010000000100010001100010010000001000000011100100110110000
11110000111000001100000000010000101001001101000101010000000000010011000000100000010000001001011010000
00001001010000010000001001110000101010110010011010101010000100101000000000001001101000000010100001001
10011001011001001001110000000011100000000101001100101011010001100000010111101000001010000010000010010
01001100101100110001000000010101000000100000110100010000100111000000011000000100010000110011000010001
00101011000100011010000000001000011000000010101000000000000011000110010011000000000010010000001010001
10000010100100001110000100010000001010010000110010010000011010100100000010001000000000000010001000010
10011010010011101000000000100000111000000001100010000000000101000001100000111110000100010101010010000
01110100001100000000000100000000000000100101000011011001000011000000011000000000001010000000010001101
11000000000000001000100100101110001000001100001011100000010000000110100110000011110100000110000001001
00001000000100000100000101010000001000001011010100100101001001001001000011011000101000000001000000101
10100100010000011000000010000100111001100011000001000001000100010010100011000010100100001010000010001
00000100100001010010010011010000010000000000000100010010100001101111010100000000000101001010000000000
01000001000110010010010100100000100000000010100111111000001010100000010010000001000001010010000000000
00000010010001100001011100001100010000001100000100000100000110100000110000000010011101001010010101000
11000011000000000001000010000000001100000001010000000010000010011010100100110110100011010001001000000
00111000000001001010101001110001000001100101000000100000110010010000100000010000001100001000000000100
01000010010100001111010000100100111011000001100000001000011000000000110000000000110000100100010001000
11000010001011110100000101000000000000010001101001000000000101110001000100010000000100110100100000000
01001100000010100000100110010000000000111000000000000101000000010011000101100001001100000010001000000
00100100010000001011101000000100000010000100011000000000100110000000001001011100000100000010000010000
00010010010110000000010000000110011100000000100000000000101100010010010100111000100000010110001100000
00001001100000100000000000100010011001000010001100000010100000000000010010000100100100101100010111100
00000111010100000001011100100000001010100100000000001100000011110100000000000000100010110010000000000
00000000100010100000100000111000011001010000100001101101100100011000000101110011001000100010100010100
00001000010010110001011100000101010010100100000001001000000010101100001100000000010011100100000010011
00001000110000100100110000010010100010000000010110010011001100100010001000000010000000001000000000001
00010101010010000010111001010001101101100001111010000001001000000000000110011000000000100010010100000
10011000001001000001000000111000101100000010001000101110000001000110001100001000001011000001010000101
10001001110010000001000010000101010001111010110000010000000001000001000100000010000000100000010010110
10010000000010000100000010001001101010000000001011010100000000001000000000000011010010010000010010111
00010010001000110101100000100000001100000000000110000010000010101100000101011010001001000000000000000
01000000001000000010001001100100010101001001100010000101110000101001011001000110100000010000100010001
00101011100000011100011010000010000001000110010010010110010000000001010100000110000011000010101000010
00000011000100000000000000110110001100111000000011011000011000000110100000010010100000000010000000100
11111100000101000100001000111000000000000000000010000000100000000000110111101000000000001000110111000
00001000001101100001010100001011000100001000000010000000100110010000001100000011000100100000000100000
00001000100000100001000000110100000000000000000100000011010000101001001000110110000001000011101010000
00110100010000010000100001000110101001001100001000000001000001000110100100100111100010000000100010000
01000001000100010000000010101010010101011010011001111000000101010111100100100000000001000100000010000
10110110000110100000100001011010011000000000000100010111000001100010001000001000000001100000001100000
00010100000001001101000000000010100000000010110100000000010110111100000010100000100010100001010010100
00110000000000110000010010100101010000000101011100000000000110000100001000000000100101000001010011010
00010000010010100010001100000101000000001000101001000110100000100100110011000000000101000100000000011
00011000000000000000101001001101100000010000011110001110000010010010000001010000001010000111000011000
11000001010001000000010010001000100100100100000000001000011100010100000000000110001111001100100001001
00010101010110000110000000010011011001000001000000001101001000011010101010001101001011110001000000000
10100000011000100001000000011100111100000000100100110000001100100001000001000001000000000010010001000
10001100100110000000000100001000100000100010011001000100010011110000111000001110101000010100000001111
00110110101010000001001000010001000000100000010011000000100001010000001100100000000001001000010000000
00101000000001100101101011010000001100100100000011000000100000010011000000000100000000010011010000110
11000101000110100000000100011011000000101010000010001000011001000010011000100000010101001000000000000
00100001111101000110010101100000000000001011100010101000100010110000101001100000011110011000011001010
00100000010010000001100000101010011101000010000010000011101000010010101010010100001100000000110000000
00100000100000001000110011010110001000001000110100111000000000001000101000000001001001111000001000101
10010001011000001001101100001010000100000000000111001011011000000001001010010100100010001000000010011
10000000100100000001000001000100110001100001000000101001100000010000011000011010001100001010101010000
10000100010000100000100000001001010110010000100001000000001010000100100100101100010001101110000010101
00110001000001010010101000011000001100001110001100010000000000000000100100000000000001111000000000000
00110100000001011011101000001110001000000000000000010110010111010000101100010000000001010001100000001
00010101000110101010011110010001000100011000000001101100000100111010000010000010101100001000000000000
00110010100100001000000001001100111000011010111010001000110100000010010001110000010100000011010100110
10100001000000010000000001100101001000010110011000010000110100100001100000100000010000110010010010001
10101100001011000010010000010000101001111000000001100100010001110100000101000001010010100000010100100
10000001010111000001000110100001010000000010010000001000000000000100010110101010000011101010000000010
00001010000100001001101000011000001100001000000110000000010111110011001001010110000011111010010101010
00001001011001000000100001001000100000010111000010010011010001101100011011001010001000101000010000000
10000000100000000011100100110001100010010100100001000001010010100000010101010000011100000100010010010
00000011111110000010000100110000000100000000001000100010101100100010010000011101000001110101000001010
01010011010000000010101000001000000101110000010000011010100100100000001111110001100001000010100001000
00010001001000100000100001001001100101010001001000100000100011101010000100110100101100000101010101100
01010010000100000100000001000000000100000101000100001100011000001000000001001000001000010011100101000
00010010000101000000011100010001011100000110000100100100110000011000001100000000000001000011010110010
10110000100000110000110010111001101110000100011000001000000000100010000100000100010100010000000100001
01110000001011100100000000000010000000101001100000110000001001001000000000010110011000100000101110000
10000000010010010001000100010000000001001100000100000100100000011000101111010000000010010000100110110
11001000010100000111001000000100100101010001010100001001000010000000101000001010000101111100010100001
01001110000100000000010100000001011110010001010000101010001000000010110101001100100101000000001000010
00000110110000001000011000000010101001001000110001011100001010110000100100011000000011001000000010111
00100111000000001000001000101010100111010000101000101000100000001001110100100000110010010000000010010
11000000001100001000110111111000010011101000010001001010000011000000001110100000100010001010101010001
00000001000000000010110000000000100000001101000111010000001000000010001000001000000101100001000010000
01010000000110000000000100001010001100110000001000010000000010001011011001100001011001000000000000001
01000010000101000010111010000010010011001011000100100110100100110000100101010110000101001000001100100
00001000111000100010101001001000000111000110000100100100011010100100010011010001101000000000100000000
00000000001000010000100101101000101000000101110100001011011100100110101000001010010010011010100000101
01000100000100111010100010000001000000001100000111100100010010000000000011001001100000010011000011010
00101011111001000110000000000000001111010001010001110000010000000010010010000010101101000110000101001
10100100010110110101100001000001011001011011011110001010000000000100001000000110000000000000000100001
00000000001000110000110000011100000111000110001101100010000100000000010000010001001010100001100010000
10100000100000001001001001101000001001010000010101001000010000001011101111000000100000101010010010110
10000000000000010100010101001010100000000000000000001010000010101000000000000000000100010100100010000
00000100000000000110100010000010000000000100010011010100000100000000000111110000000000010000010011000
0100001001010010010000010000010010000101100001000001000000000010010100001100100000010011000000000010G
