S0000010000000010000001001100001000100110001000000101000011010001010001000110011000010001001010000010
00100010010000110100010000011000000000000110000001000000100000010000011010001000000011000010110011010
00010000110000101010001000000101011001001010000100011100011110110110000010001100000101000100110001000
00001000010010100100001000110000100101111010100100100000010000000101000110011010000010101000100000100
00010000010100001100000000001000111000111000101000001000100000100010001100000001110000000100101000000
01000100001000001101100011001010100000110001100100100001000110010001010100010100011001000100100100000
00111000001000001000000110101000010010110001100000010011110000000001000111010010100111010000010000001
11001000000000000100001001000001010101001010100000100001000001101010000111000011011001110000100010000
01101100000010101000000011000000010010101001101000000001100101001110000000100001001011000000000001010
00000000011000010101010001000000000001000110100001001000010000001000110000101100011000100100000001100
01001101100011111000000001000001011000010000000001110000010100111101000000101000010000000000101010000
00010001001001000011001111100101000001000000010101010001000000000111001001000000101011000100000100011
00000101010110000011010001101001101110010110100001111011010010010001010100101001001001011110100000000
00110000000011001000001000001010100100000011001000000000000000100000100010010000000011000010000111010
10101000100000000011011010100001011100010101011001000001100010000010010100000000010000000101110011000
10100000111100001000010010010000000100000101010100111000000001010000001110100000011000111010000010101
00001100010010100000110011000001110001101010000101000000000100001010001000000000100000010100001100111
00100000010100000100000001000010110010111100001011001000010110010000010000000100100001101110100010000
10000000010100000100100111000000000000101010000010000001000011010010000001010010100110010011010110100
00010101001010010011100100000001010000000100001000010001011010101011100010110011100001100100000000000
00010100000000100101000001001000010001100011010000000010000000010000100000010000101000100100000010111
01000100101000111000000001000000101001000010011000000100000000011100000000000000001101010100010001000
01100000000110000010000101001101000100001011100001000000100101001010010000010010011001000010011100111
00000011010100000110000001011000010101000011000010101100010011010000101000101000001010001010100000000
00010111001100100010000000000010001010000000100001010110001101001000101000010011010001010010100110010
00001000000110000100010010100010110001000010111000010010000000000000000000000100001110010000000000000
10001000000010100000000000101101100000010001101000000101100000111000000000111100000101010100000110111
00000110011101001110100010011100001110001001010001000000010100011010100000000000000100011101000000000
00100111000001010001000100001000000001010000000000110100000000001011001001100111100000010010000010100
11000000111000000101111010001100000001000001011000100011001101000011000000010010100000000001000000000
00100000100011010000100101001001000001001101001000001000000100111000111000001000000010000000000001000
00010101010001010001010011000000000100000011001100001100010010100101010111011010000100000110010000100
00100100000010111001010000000000010000000000000101010011001100000100010001010000110010010010011000101
01101000000000100100100110001000010101000000010100110101010001010000010000000000010100100001100010000
01000000001000101111000001000001000000000101001000010101000001000000011010010000011001000101110010100
10000000000001101110110100011110000101000000100010000000000000110100110000011011010000000100100101100
00011100101110010010000000100110000011110010001001101001001000011010001000000000000011001101011100000
00000000010001010000100011000011000100000000100000100000010000000111100100011010000000110000100001000
00011000110100100000001000000100110000001110000100000010001000100100100000101001000010010101000010000
10100011100000011101010101000001010001000100101100000000000000001100000010011000000011100000000100100
00000000100010010000010000010000000100101000110100000001010010010001010110010111100100100000010011100
10000001101100000011000000000100000000010010111011010100110000010100010011000000001010100100010001011
00000001011000000001001100001010000000000001000000100001001010110100110100011000000010000000010001000
10001000101010100001000110101001010000000111110000100110010011010100010011101001000000000000000000100
00000100100101100110100110001101100011010100001011001000000010001000001100000011000100100000001100100
01000001101000101100100001001011101000100001001010001110010000000010000100000001000000001001100110100
00100100010001001010100000100100000000011000010000100000001000100001100000000000100100100000011100000
00100001101010100011000011001100000010100000110100100000110001010000000100100000001000110001000000001
00111011000100100111100000100001111011000001000100100100000000001011111011000000100010000000000000001
01000000000100010000000000000100101001000000010000000000100100000001100010101001100000011000110110000
00111110001000000000110000011001101100010000100000000011111000110000000000000000100101110000100001100
10010001100010011100000101001001010000000011000000000001001010000000010100001100001001001011100001000
00000110010010010011001001000011010001010100101011110100100000000100000010000010000011001000100100101
11100000110010010110010010001101000000101010010000000000000000010000000010100011100000010000000100001
10000101101001110100000010110100001000000101000011000100000100010000000000100100110010110011010000110
01100000000000000000010000100101010100000000101000011100000000010010000100010100000000010000111001010
01000001000001100100010110100010000100000001001000000001100011000000000010101100111000100100101000000
01010100010011000001100000000000010010001110110001100011000001100100001100010010000101000001110000100
00101001111010000000000010110110110100110000000100101000110000001101010100001010011001000000000101000
00000010101001100000010000000010000101000000100011000000010011011001011100010001001001001100000000000
00001000010001011010001100000000000100000000001010110110000000001001110001000110010110001010000010100
11010010110100110001001000001010100100000000101111000100000010000000010000001001001000100100100000010
00000000001010000001000010100010100001000100001000001001100101010000000001100001000000001001001000101
00101000110100101101100011101010100001010010001000101101010000001110010010100000100011101101000010010
10111000110010111000001011000100000101010001001000000101101000000000000000000000000100100010001101100
10110000000000010001011010000001000001001000100001000000001010010000100000000101001011101110100001100
00000100001000000000110100001001000000000000000011001100011000010001001000100100101011011000000000100
11011010100000001100010000001001000010000100001000010010000000000000000001101001010000001000010000000
00101001111101011010011110101100100100000000001001000010001001001010000101001010000000000001011100001
00100000011001110100010001100010000010000000101100001100010001010001011000100100100011110110000000000
00011010100011101010110010000000000100100100111010111101010000000000000101000011000010010011100001001
00011000010000001010000010000000011100000010000001010000000000000000010001000000000100000100001000000
01100000000111010000110000000100000000000001000101100000101011000101000000011100010000010000001011101
10000001001000000000001000000000001000100000000100000010000000000000100101000100101001000101000101010
00001001010100101000000000001100100000100000011010001100000100111000011100101100000010010000000001000
01010001100000100010100100001000000110101000000100000000000011001001000000000011011110011110000000101
10001010100001101010001000000110010001000010000000000100000110110001100010001101111010001100000000100
10100010000101000110100000001111100011000110100000001100000010010000000001101100100100000010101010001
00100000101000000000011000010011011100010001100110011000100000110000000101010000010101000001010010101
11000010100000001000001000011001001101100001010100100010110100100000100100010000011010000001011010001
00000000001000001001101101000100010010001110001000000000100001010100101010000000011001100000011001000
10001010100101110100011100100001000101110000001001000100001000011000001000111011001001010111000010001
01101000010011010010100110100000000010111110111000001001000011011010000000000001000011100000000000111
01100000010110010000110110000000110001010001000010000001000101000111000001010000000000111100000000010
00100010011110011001001101000000100011000101010100010000000010001000011000001000110010000000000010010
00001000001000000001000001100101011000101010010010010000000001000001001001101000010001000001001000000
01100011010100100010000000010001000000000001101000011010001100000001010000111111000000000000001101010
00000010000100101011011000111010101100110000000111000010011010000000000101000001011110000011011000001
11110001001110100000010010101101101110000110101000111010000000011110000011000000001011001001000000001
01010111000010000100100000001000000000110100110100001011011001001011011001001001100100100000110010100
00010001101110000000001000110000000001100001100000001000011110000000001000100010110011000000110010000
10100011000000000000000001000000100101100100000001000100000100001001000100000011001100000100010000000
01001000101101000000111110011110100100000000000110000010011011001100100000001000000100100110101010101
00100011101000100000000111000000100010101001000000010101001000001000100010010000011001111001010011010
10000010010010010000000000001010001000011000011100001000011000100001000000000010101011001010001001001
11000011001101000100010010111000011001010010000000100000000010000001000000000010000000001001001001100
00011100001100001001100001000101010010000100001101000001110101101000100110111000010000001000100000001
00100000110010010101010000110100001000100110010001000000001100100110010110010110000001010000100011000
00100000011101000101111000000001100001010010101101000000100000000001111000001100110001010000010100011
00101011100011000000000010000001000010001011010000000000000000011100100101101001001100001000001010010
1001010100000000000110110100001000010100000010101010100101010010000010000110100100100010100000001001G
