S0010110100000100000000000000100000000001011010001110010100000010101001000000101010000100000000000010
11010010010001000000001000001001000000000000010100010101000100100100010000000000000010000000011001010
00010000010111001001010011000000000000001010100011000100010100100010000000100010000011001000001000000
00101011000001010010000110010010010011100101000100100010001100011010010110000001001000000011010111111
00000000110010010000010100100010000100101100010000010000100100000000000000011000100000010000101000000
01001111001000001010000000000101000101100000101000000001110000001000110100001010101000110000000101000
00010011000100110000000010100011000011010100001001100010100000010011110010000000101100001000001000010
00010000000001111001000000100101001011000010011100011000001000001101011010000001100011000001010100010
00110010000011000000011010110001001000100000100010000000000000000000000010000000011000000000100101001
00000000000000000100001100001000010010001000000000000000111000010001100100110010000000010110100010001
10000001000101001000001010000000100001001011000010101000011110110010100011001100010000001010010001000
01100000010100000001100010000000101010101100100100011000000100001001010101000101001000110111011010001
00100000001100100100000000010000110001000000000000010000000001000010000000010000010001000111100100100
01000000010100000100001000101010100110000000010100110000100000101001011110010000000000001001001011000
00001000010100000101100110000001000100000010000000010000111000000000101000101001001001000010100000000
01010010010010001000000011001101100011010101001000100101000010100000000000110000001100001110000000010
00010000001010000000000010100100001010110000010001011000000000000010100001101010110000010010100100000
00100000000010000000101010100101000010000000011100001100100100000001000010000101100000000001100101000
00011001000000000000001010111000011001001000100000110000101101100000000001000010011000010100001001100
11001110001001110000000001000010001000011100110010000000100111000101100000100000010000001010000001100
00000101110000010101100000101010100101000000100000010010111011011110111001011000000001110100100011000
01101101101000000100001010010100000010011000111110001010000000000011010000000100001111000001010010000
00000000000000000000000100001000000100000000000100000010000010101010010001101110001000001000100001101
00001000100001111010001011001001010110000000100110101100010001000000010100000011000000010000000000110
10001000000001001001100110001100111000100000000100000001011010101000100001000001010010000111011000000
01100000000110000001111010000000110101011001011000111011100010010000010000100000001011001100100000100
00010000011101001000000100010100000000111010001001111000000000110010000000100000100100000100101001010
01000000101001100110110000000000001000010000000010000001001100010010000110001100101000000100000001000
00010100001110111000001010000010001001110001010101010000001010100000011000010000011000010011011010010
10000100000010100001001000101000010000010110011110000000011000000000000000100011110010100000101000000
01000100000010000001000010001100100010000000001001101010001000010011000111110001100000101010101000000
11010000000000010001000000000101100000100000100001000010101000000010100000000100000001001000100100010
00100100000101100101001100101010000010100000100000100000001000011110000010000100010000110001010000110
11000000110000110010011000100111000110010100111000101010010010100001000111000111100100001100000000011
01001100001100001000000001000000100000010000001000001001000000011100000000010000010001001000000000000
01100001100001000000011100000010010010000110001010000100001010101000001000101100011000010000000100010
01100000111000000000101100100000111000111000100100001000011001000000000010001110010100000010010000101
10000011000011000100100010001000100100101001110000110001000000101000000000110010100010001000011001000
00110000010111010000101000100000101001001000000110001000001000011010100000000110100000001000110010100
00100010000000000100000111010000000010000111000000000000110000100000000100010100010000100000000001000
00101100100011000110000100010100100011001001000000000001000110010000010010000000101010101000000001000
00001000000000010000001110010000000010000010000100000000001010000000111001101110000110010100101100111
10001100000100100001000010010000000000000010001100000000111100001110000000011010011101001000010010000
10100100010100100001010000000001111000001100011000001010010001100010000100010001000100100010000000000
00000001101000010000101000100011010100100110101101011000000100101001000111000001010001111001110110000
01101110110010001000000000011000001000110000010001001100000000100001010000000100100010000100110100100
00000000011010000000010000100100100000100000011111000101000010000010000000000001010000100011100111000
01000110001001100001110010010010100000000011000011111001000000001000010101000100010111001010001110010
00100000010010010001000001000011100010101001110000010000010111100010001100101001101001110010000000010
10010000011000000001000000010001000110001101011001110010110001100001001110000010000000100010100000111
01000110110010000001000001000000000001010000010000010110110001100011001001010000010100001101000100000
00111110000100001001000011000100000000111100001100001110000000001000111001000000010000001000101100001
00010000001100110001010001100010001000110001001000000001100010011000000001001011000000001010001101000
10100100010000000010001010100010001000101010000001100000001000000010010000010000100000100111001100000
01000011001000111001001000101000001000000000110101011000000011100000001000110011100000001100100000001
01000000111010101000000001100000000000000110100000110001000010001000010000001001000011100000010001110
10000000100001100000000100000001111001010000110000100100001000010000000111100000011100000011001001001
01000110101100101100000010000000000010000000010001000001110010100100110000001001100100110110001110000
00010000000011100000011000011101100011100000001010000000000010010100001011100100001010110000111000000
00100101001000001000111000000000000001001010010000011000011000000000111000000001001000000010101000000
00110010000101001000010100010101000011000100000011001000010011001000001100011110101100010001001010001
01001011011001000000010000110010000001001101110000000010100010010101101011000110100000010000010000100
10010100111000000101001000101101010010000100100000100001000100110100100000000010000100000101000000010
01100000000000010100001000000010000011100011001011010000001000000000011100000110000101000010111000000
00000000101010011100010000000100001000000000100100110110110001000100100011110010000010010010101001001
00011110000001001100001101000110000000101000001010010001110000001000010010100110001000000110010001100
00101100000011000000000010010001100001010110100010100000000000001000010001100000001001000011000110000
00001100101001010000000011000001011100100101001000000000100101010101000000010000110100110000110000000
01111000000011000100100101000010101001000000010010100011000100100000011100001101001111001100000000000
10001001000101101100100010100011001001010000010000110010100000000000000100010011000010000000000111000
00111010100100100000000010011010100000000011000000101000111100011010000000000110001000011001011000010
11000000000001001011000000000111000000001011100100010010001000100010100111010101100000000010100001011
01100100010010001100100010001000001001001000010100100001100010000101100010010001010010000101001000010
01010000000010100100000110010100000000010000110001011001000100001000101001001010000101000000000100100
00001001001010001101000010010001100000100010110111110000000000101011000000001000001100100000000101000
10000010101100000001010000011000010110000110000001101100000100011100000100000100011010100010010001010
11010100010000011101001111000010001010000010000001000100011000010110100110101010100100101010011010101
00110000000010011001000000000011111000000100000001010000011000000010100000000010010000000000001100001
10010100010100001000001010010010000000101000100101101000100101000001000010010010000000010000010001000
00100010011010110000000000011010101001000000010001001001010100100010110001000100100011011110010100011
10100000100000000000000010000000001000110010000110100001100000100001111110010001000011000000000101000
00001100111110011000000100011100100110100000000000001001001101101000001000110010010000000001100100000
01010010000000011101010000000010001010100100000010100011100000001000010010000000100000000001100000000
10010000101000000000000000000100001000000101000010000000000000110000100100001000001110000011010000100
11001000000110010111001000011100001001010010110000100010000000010000000001010011001101100001000010000
00101100001100000000000111000000000101000110010100100001011001101000100001110001000000010000000000110
00000101001000010001111010000100100000000000000000001010100100100001000000010101110100010101100000011
00001000110000010010100000000001000001000100011100000010000000101100000001011100101000000011011001100
10001100100000100100111000111010110111100000001101001101000100010000100000000010100010000000001001010
00101011000000000011000100010001100000000000010011000000100000010000110000101010100000100000000101000
00000100100100100110000100101110101000010001000101000001000100001101001101000001001010001000000000010
01101010011001000000010011010000000000000001100000000100011000000000010100100011100000000000010010000
00010000101101010000110001010010111101100000101000011000000010010011010001000000000100000000110011000
00110000101000001000011010000000001101000000000000001101000000001000010000000110101100000000000000001
00111000100000101010111101000010000001010101100100001000000001110000001101001101010101000000100101000
00111001100001110010110101100101101000001100000010000000000001001110011000001000000010000110000001010
00000000000111011000010001000101001010000000110101000100000100001010101111000010010100010010100100000
00001010010100000001110100100000000010000111011000000000000010001010000000000010000001011100110100110
00100101000000000000000000100000000110000000000010010000000000000010000110100100010000100100000100010
00011010001011101000101001100110010100000101000101000011100100011010010010010010101100001101001011001
0000101000110100001001100101001100110010001100000000000010000010011011100110101010100100000000011000G
