S1001001001010010000000001010001001000000001100000100000011011000011001000010110000101000110110010010
01001000000011100000010101000110000110100001010101100000100001100010100100000010100100111000000100000
01010100011010000100100100110010111001000000000100000101101100010111000000000000100100100000000100010
01001001110100100001000000010011001010010000011111010011110100010000000000011110000101000001000000101
00100100000011011000000000010000011000001000000010000000010001011000000010000000101100111100000100110
10010111100001100010001001111000101000001111010000000010100000000000011000001010000100101111000010000
00000000011010001110000000100001000010000000010001000011001100000000100010100010110101000000000010011
00000001100100110010100101000001101001110000000000010010000100101000000000010100110010000000000100001
01011000010000000001011010100010100100010101110001011010100000110101000101001110011010110010101000110
01010000000101100010010000010100101100000000110111110001100001010001000010110011110001101001010001100
00010111101100001000000000010100000010001000000100111000010110100100100101000011101000010100110010000
00001010010000000100010001010001000000010011011000001000101100010000000001000000100110001001001001010
00001000001100111000100000000000001100110010001101100000101100000110000000010011000000001101100000010
01000011000100100011110010000001110000000000001001100001100000001000011100100001000101011000000011010
00000010001001010100001001100010111111001001010101100011000001001000101000110101010000000000001110101
10000011000101110011010000000100001100000100001110000000000001001000100001100000010000100000000101000
00000100100000110000001111010100010000000000110010001000001000101101000000000000000000100000000000111
00011000001100000001000000100010000000010100111001001000011100001110110100011000000001011000000011000
00010000101100001001010000000010001010100110000000001001010010000010100110010010000000100000100000001
00101001101110010000010001011100010000100100010000100101001000011001010001100001010001000010100100001
00000100010011000101001010110011011100001100000100111111000100001000001000000011100101010110000101010
10000010100001000100001000001000000110010101110010000000011010110101011001110010010000000110000010000
00010000010000000011100000010000010001000011000000100000001101001000010001000100100110000010100010100
00100100100000000000000100010000000011001010100000010100010000100000101001100000010000111000000110111
01111100000000100001000001011111000000000010100001000000100100101010100100100010001100000011001100000
00110100010100011000100010000011111000000100000100101001000010000000010011000100000000000000000000011
01000001000000110010011000001100000110100101000100111011000001000000101100010100001001100001001000100
00011010011100011010101001000000100100101100000000100011110010000010000010000000100001001000011100010
00000100100110111010101001000011000100001100000001001000100000000000001100011100000001001101000100010
00000011011000000000110101101101000001110000000000000010011000001001000010001000000010100001011101110
11011010010001101000000011001011111001000101000001000100000000110111010011000000000000000000100000001
00001001100010000100000001000010010010000010000100000100001011010100000000001011000000001011001000000
00000010101010101000011000100101000001000100000000000010010000000001110000000100110000100000101100010
01111100000100100000100010100110001011000101001001000000010101010000100010000101000000001001000101000
00101010001100111000100001100100101010000100001001100110010011111000101011110110100011100110101001010
10011011010100010110111000111101010000000010000100100000010101000010110000110001010011100000000001000
11101010100000010000100000111000000000001100101110011010010100001000000001100001010110100010100010010
00001011000010010000100110001010010001000000100000000001000010000000000011010111000001001010100010001
11000010000000011001000000010100000001010000000011001110001001010000010000001000000100100110010000110
10000101111100000001110001100000011100101010100010000011000001101001000100000011001000000010000101010
01001010000000101000001000010100110000001100000010010000000110101000011110011111100010000000001000001
01100101001001100000000000011001101101001000010000100110010110101000000000010000110010000011010000101
00010010000001010001110010001011001001000001101000000011100001011011011000100010000000101001001000000
00100010000010110110100010000001000111011010110000100101000000100110101100000010011001110011010000000
10001010000011010000110000000101000000001001001001010011000111000000001000000100000000010101001111000
01000010000000100000100001101000111000111100100101111000010100101101111000001000010001000010000000000
10110000001000000000010011000110101101100000000101000001010010011001010100010001010000011000011011000
00000100000000000010000000000010101101110011100011000010000110001000010101000010010000010110001000100
10000100000000011000000101100001000000000101001010000101100110000000000000000110110100001000000110000
11000110000000001010010100000111000010001100000100001101000000001100101000000000010100010000010010001
00010100100000100000000001101010100100010000011001010001001010000101100000010000000011000110110010010
00100011010010010000101101000011000101000000001000000010100000100011001111110010000000100000110000000
11000000001000100000000101010000010101000100100110010001100000010000000010000000000011001000000000000
10111100001111000100110100000010010110100000001100000000010110101010000101001100100100101101000100000
00001111001101000110001010000111010100010101100000101100010000100000000001101001000100000001000100010
10000010010000100010011100000101000000000010001010000101000000000100001101000000011000001010000000011
00001011011011000011000101100001111000110110100010001000001110101000001100110000000010000000100101000
10000000000000000100101110000100000010101010000100100110101000000000000000000000110000000001011010010
00000000000111000100001000000010000000001000100011110001100000000000010000100010011000010011000101101
00000110101110000101111010001101100001001000100110001110000001001110010000001001100100000010110000110
00000001110000010000100101010001011010100010011000010010000000000000000001001000011000100001000001000
11000100000010000001010010001001010011101100001100011010001010100000001000001000100000101000010100000
00000011010100110010001000001010100000101010001001000100010110101001000001001100101000000010010011000
00100001110000001000101001111110000001000000000001100001111100100000100010111000100000100110000100100
10100110011100110001000000110000010010001000110000100110000100000011011000011000010001000000010110011
10001000110111110001010100000100000000101000101100000000000000000000100001100001010000101000000101010
10110000100011010001010011110100011100000000010011010100000101101101000110011100000000000010100000000
00000000011001011000010000001000000100010110000000011010111100000010000001111001000100010100000000101
00000000000000010000100000010001001000011100101110001101010100000001110000000001110001011011011000111
10001010010100010000100010001000011001010000100000100000100000011000100100111010000010000100001110001
00000100100001001001000000100101000011000001100010100000000100010000010110000001001101100101001010010
10010000101101001000101011011000001000000001001100100010101000000101000011000000110000100110010010000
10000010000110101010000000010000010001010001000001010010000111100011011010010010010000110011101010001
10001100111000011001000001111001011101010001001100000010010000100100010100011000001000000000001101010
11110100010010000001000000000010010101010000000001110010000011010100000110000001011100100000100000001
01000001100000011000000001001000101011001011000110000001000010000100000100000011000000101011001011001
00010100011000001001100000100010110000101011000000101000011000000000001110001001100001101000011000000
00000100011101101010000101100011000011000000000001010000000000000101000011011001000000100111000010000
00100010000000001000010000000001000000000000000000010000011000000100000101101011111001001001111001001
00010010000000010010000000110010001000000010010000100101101000010110010100100010000100000000100000000
00011001000000010111010000010100001101000010111111000011000000000001000010100110010000010100010000000
00000000001100010000000001101000100010110000001100001101010000001000100000000001000001100010000110011
01100101010001101001000100010110000101011000111010101110101001000100000110110010100101000000101000100
00010011000010000011000010110000001000110000000010100000000010000010000100100000100100000000000000001
00000110001000000000110000010000010000000000110010111100110000100000010000001110011011111101011000010
11100000001010000000000101011110111000000001001100111110011010000000110100101001010011010000000000110
10000011101001001000110010100000001010000000110000000000001011011000100000010000100000000000000010000
10000101010000000110010000011010001000000111000000001100000111000011000111010010000100000000010100001
10100111000010101110111101010000001000011010000011001100000000000100101010001000001100010100000101000
10110000100000000100011000010000110010001101111000010100000001000000000010100010101100001010001001000
00011011000100001001001000000010000100110010100000000001100100000000010110000101001000011010001000010
00000001000100101000000101100001001000000010010010001000100100100000000000010000001111000000110001011
00001010000100000000101000110011001011101000001010010000000100000000101000010101000000101100000100000
00010000110000001011001110000000101100010110011000100000000000100000111010101110100010000110000000101
00000001111000011000000001101110000010000100001000101000010000000001101100000101001101110000110000100
10100000001000000000001101001010100011100000000000000100000111001000010011010000110010100000010001011
01110100000110110011001000011100110001001000100000010000100000100000000001001110000011010101000010000
00000100100000101001000011100100000100001001000000101001110110010011110000111110011000000000001010111
01001111100001011000000000010000100111010000001010101100101000110000000010110001001001000010000101000
00000000101110100100000001010001101100001010001101111000001000000000000110110000001010010110000100000
0000000000100001000000101110100000011101001100000000000011000000000001100001011101000000000000100000G
