S1010010001111100010000010010000000011000010100001000101000100001010001000011101000000001011000010001
00101100000000001101000110000010001000001001001000001001111000000001000110000011000110001000110100000
00000001010100111101001001100001000001001000001100000010000010101001001001010001000110010110001010000
01100000010110100000001100000000000110001001000010010100000000000010110001100100100100001001000000000
00101110000001001000000100000000000010010001001010101010000001010111010010010000100000000100000001010
01101000010011000011100001000000000010100000000101100100100000001101010001100110001000011100000011000
00011010000000000000110000000011001001000001000000100000000000011000010001010000010100000100100011000
00010010000101000001101000010001100010000100000010010000101000010100011001011110100010100000000100001
01000101000100000000100000000100000000000000100000011100101010000101101000010100011101000110000001000
10010100000011000000100000011010001000010001000101000100010000000001011001011000000001001001001100110
10001101000000111001010000000000001001110100000100110000000000100001110010010110000000000001001100100
01001000000010011000011000001111010010000010000110110000000000010000011010100010010000010100010101000
00110010000000000010010000000000001100010001011100000100101001010010000100000100011110100001011000000
01001010010110101000101000000100010000011000000001100000001000000001100000100011010000101010000100100
01000010011101011001000010010010100100000110000010000001010010011100001001101110010000001000000000000
00001000101100001010001000001101000010000000101001010010001100010000110010001100001001100001000001010
10000000000001000010001001001110100001000001001100001001100100010100101000001100110101001000001000110
01011010001000101010000100110011000000101010000000011001001000000001100000001110110001000100100010010
01100101100000010001110100100000010010101100000011010110100100001000011000011000111000000100101000100
00000011001100000101000000000000110000011001000010010000100100100101000000100010100000010100011000101
01111101001000101001000000010000001000000000100000110000101010000000000000001000110000110000000001010
00010000010000000000110010010001100001000101000101001000000001101000100000000111000010000010000000011
00111000001110001001000101100100001000000110000110000100000100000010000000101001010100000010000000000
00000101100000111000010010101011000010010111100011010110111010000011000011110100010000101011101101010
00011100100010101100010101000000100100111001000000010100001100000001000000010001001000101001000000100
11000000000000010100000010000001000001000000000001001000001010000000001101000100001111010010110011000
11011011100000001001001000110000001000001100001000001100011000000100000110000001000101000011100010000
00110011101110000100000000010010001000100001000010000010101000101100000100101100000011100001100100100
10001000010000011101010000100010000010010000001011011000100100000000000001100000000000000001001011011
10000010011001000000000110000101100000001000000000000000000100100010000010000101100001000000000100001
10000000001000001000000000010100000010100000111001001100000011000000010000100000010010100100000010000
00010000011100000000010010000100110101001011000000010001011001000000000000000101101000011000110101010
01000110010011000110000000001100001000000110010000000100000000001010000000001001001010101000001010011
00110011100100000000000000000010000010001001100010001001000000001010001001001110100001011000001000010
10000000101000000011100000110100001001000001000000000011100100001010110000000001110001100010100000000
10101001010000001100110001000000000110001000100100001001100001000110100001000000011010010100000000000
01011010011101010001000010110001100000010001001000000111000010000100000000000000000011100110000010000
00000000010000100010000001010001100110000011100010000010001100100000001001110000011010010010010010010
00000010001100101101000010110110011000000011001000000101100000000110000000000010000000101010000101001
11000001000100000000010011010010000001000000010100011011101000000100100000000000100100101010000001000
00000001000010111011000000000101010110000000001010001000001100000001000000000100000100100100010000011
01000001010011010101100010001110011000000001001110000001000101001000000000011001001000101010010000000
00000000001000101101010110001010000110000010000010001101000001110110101110000101000001010000000000110
11000001100000000101000001001001110000110000100000000010100000001100000100000001000000110000100100000
01001000000000000000010000010011101000001100111010000001011100111011101010110001101000000100000000000
10000001001010000010000101000010000111001100000001001000000000111000101010010000101000101001110010001
01010010000010011010000010001110100000001000000100000000010000000010010110010000001100000101010000000
10000010011000000000001101000000000000000100000110001101010100010110100000001010011011100010010010110
00000010010111011000100001010001000101000101001000101000110000100001000000100000101000001001001000010
11000001000000000100000110101000101000000000001000000010000100000000101000001001000001000110001101000
00101110101010010100000110011000011010000010000000010001101100000001010100011000000011001110010001011
00100000110101100000001100000000000110001011000000000010000100000101001000000000000000010001110001001
00001110100000111000110000000010000100100000000110100011110000000000011010101011000010000010000000001
10100101101011000000010110100000101101100000000011000010000000100000000101000010100010011010100001001
00000100110010100010010010010010000110000000100000100000100101000000101001000110110001000001000010010
00110100100111001010100110101000110000010010110101010001000000111001010001100100000000001000010011000
00011111000001100000001010001100000000010000000000100011100000000001000001000000100000000100010000010
10110000110110100000100000100010000000110110000000100000000000000000100000011010010000010000000001000
01110000000001000011001000001010110001000000000000101011000010000000001010000000001000011010000001000
00011001100100110000011100100010110000001010011110010000011000100000000000001000100000101001000000100
00100101010000000100001111000000100101001110010010110000100101011010000000100100010110000100000001010
00000010000001011011100000001000100010010001000010110100010101001110010000000000100011100001100100000
11000000000000011001100100010000101111000010000100001100101000001111100000010001010100000100101001100
10000000001001000001001000000011000000001011000101010000010011000000010010010000010010000010000001000
10010001110001010000000000000000000011000110010011001000011001100110000011010000000001000000100000000
00010000110000000101010101010000000100000011001001001000000000001000000100000000100010010101000010100
00000100100000110000000100110110100100101001000001000100110000000101001000101000001010000101000000010
10101100011110001010000000000001011010110001001001110000000000001000011000010001000000010100100000000
10010100010000011001011100000000001001000000101001011000000011110000010000000001000000000101100000001
01100100000111000001000000000000001001001101010000000110100100001001101001000101000001010101010100000
00100110001101000000000010000101011010001000000101000000100100000100100100000000101000000001000000000
01000000000001100000011010110000011110000000111001010110000101000001000100000100000100000111000000001
00100010001010001001000110001101100010010100001100100011001011000000100001000000000011100111010110000
00010000000010000100111011100000001101110111010000000011010000101100010000010001010100010000000100000
00001000000100011000000100000000100000011101101001001000010110000010100111000101011000100001000000010
00000101100110001000000101001000110000000110000111011010010100000000000110100000010000000100000001000
00000101000000000001001010000001010100000000010000101000010100100010001000101000000001000000001110101
00000010110101100010000111000101000101000000000001100000000100001001000000100000000000010011000011000
00000100100000001001001100110001000000001001010000100100010000000100010011000110000010010001100000111
00000110010100101001000001010000000000000000000000000010011000010010001000000000000000001001000010100
00000100111001000100100011100001101000000000000111110000001000010011000110000011100001010010010001000
00001010000000001010001010111010000010110111101011000000010000000100001100110000000001000010001010100
00110010110000100111000100010100001000000010001000000011001101000000000000000000010100001000001100110
01000000100100100110000000010001000000000000000000000000000011000100010100101010100000010001000010011
00101000101000010001111101010000100001101000011010000001100011100010011000100101001000100011100110010
00010100010010000110101001011111011011101100110101101100100011000101010111010000100001010100110100000
11110000001110000000010100100000010000000010100010100110000000010000001000100010100000000011000000010
00101101111000110000110110010001001000100110110100100010011000001100100001010101110000001001010000000
10010010001010111010000110111001010010000000000000000100100000000001010010000101000100001100011100100
11001010001000000011010001100000111000010010000001000000010001010001000000000010001100001101011100011
00011001011010000000001101000100010001001000000000000000011010110010000110100110010000010000100010010
00000000011110001110000100110011000000010010101011110000110101100010100100100101100001100011110001011
01010000000001011010001001010110010100010011011101010010000000010000000001000110010100010110000001001
01000000100000010110010101101010000000100111011100000101101000001000001000100001110010110010000110000
01100000000000011001100100100101000011100101000100010001101100101000010001011000100010000010001000000
01010001000000010101100110011001110100011000011101011010000001010011111000100000100000010011001101100
11000100110000101100000000010010101001001100100000110100000111000000101001000011011000100011000001010
10001010000001100000001000010100001000001000100100100100100011010100001010000000100100110010110000100
00000001100010100000000100000110000010000101110011010000001010000100001101001101011000000010001100000
10000011100001100000000001100000110100100000101001100100000001010000100010011001010100100001000000000
0101000001010100010100001000010010100000000110001001010001000100000010101001010000011100000100010101G
