S1000000000010011100001000010100100111001000001010010001100100000000000101001000000000001001100110010
00001011011000001011100000101001001100000010000101111010011010000010010000110100000010010000000000001
01000001010000000100000111010000000010001110100100001000001000010100010110001000101000100111100000010
00010011010000000000010111000001000101000100011001010001100010000000100001000010100000000000100000010
11000010100100001101000000000011100010000111000010000010101000010000010101011000001000010000000000110
01000000000010100010001000000001100010011000000110000000010001100001011110000000011100011000000000010
00101010100001000111110101101001101100001000100010000010100001100010010010101000011100100000001000110
00100110001001110100000000100111000010001100010000000101100000001001001011000010000010000101100100100
10110000100100011000000001100100000001010100000100000000001000110101010010100100000010000000000000000
01010100100011110101000000001100001000001000100000001011000000000000000000000010011010010100100100001
00100100111100001001011001001100111011010001100010000100000000110000000110000010101010000010001000100
00001000010000000101000010000010001100000111010001010000101000110011000100001000000010000010000001101
00010101000011010000100100100010010010000011010000101100100000100100011000000111011011010000101100010
01100001010010100000000010100100000000101010010110001000000000001000000010110101000000001001000100001
00100010001001001000000101100111001010010010000110001001101010010001010000000001000010001000001101001
01011100011000010000000010000111000000011000011100010001010001010000011100000000001001101000000000100
00000110110010000101001000011100000000000010000000001110001100010001000100001000100000001001111100000
00000010111001000000110001100000000111000001000111100110101000000000110000010000000001001000001000000
10000101010010000010110100101000100000000000100000000101000001110010001100011110011100000010000111100
01101010000010000010000000100100001101000110000000000010010100101110010011000101001101000000110101000
00000100010001001010011110100001000001010001000100000000010100010100000010100000010011010000000001101
00000100000000100010000000101000000001001100000001111001010010101101001011010100001001100100110000000
00101000010100100000000011011000100000001110001011000000000000010001000101001010001011000000000100101
10000000001001000000000010100001000010000000000100100011101011000000000100000000010100110010011110000
01000000000111001001110010010000000001011100000000001001001000000110010100000110000010001100111011000
00010000000001100100010000001010000101110010010101001010000011000110010111000000010011100110000001111
00100001100100000101010000001000000000011100100000100101001010000001010000100010010101001000010110010
10000110000011000000100100011010001000000000101010110001000001001000011000100101100101000000001000000
10011010011110010000000000010000000001010101001010010100000010100100110110000001100000000001010000100
10010010001010011100011000110100000000010000000101000101000001100110100100010000011001100000000010110
00001011010001001000010011000000000010001001000010001100000100010011000011100110001010111100101000000
00000010000000101100100000011000001000000100010010010111001001100011000111001001001110100000010100100
00101111111011001000010000100100001011101000010010000010001101011010000000100001000010000000000001000
01010100100001101000000001101101100101100100011001000000001011000101101010011010100011100000000110001
10011000000011111001000100100000010001000010011100001000000010000000000001100101100000011100000001000
00001010000110010001000010001010101011010000100110101101001100001000001100000100010010100010000001100
00101100000000010000010111100000100000100010001110100000100010100000000101101100001000011000001001000
01101100000110000010100001010001010011011000000010100001010001000010000100111001110000000101000101001
00111010000001100001000000100001010000001010100000100110100011001001000001110000001010100000110000000
00011100010011000010000100000100010011011000000111000100110001000000010000100011000001000000100100010
10000010011000010000011010101010110101100000111000000010100111010100000000001110100100000000000011000
01000001100000001000010000111101001101010001000000011000000000100010011000001000100001100000000001001
11000000011110111110010011010100001101000000101101101000100100100001000000110000001000100100110011010
00010011000100010000100101000010000101011100100010001010000100110101100100100000100000111000011000110
00000000000100100000110110111100100010010001011000010101010001001100010010000110000101100101010100100
11110100011100011100000100000001011100000111001011000010100000000001000100110000001000000110010001000
00000000000001010000011000110000010000000000110100100000100010000010100101001110100001000110001000000
10000011010001110100010001000001100010111000100000000000000001010101000001000010001001001100000001000
01001101100000100110000000001000100001101010000010011000010000100000100010000010100111000100000010010
00000000000001010000000000010000010010000000011110010001010010000111010001100010001100000101100000100
00010010011010111100000101101000011000000000010001110000100000000000000100111110110000000010000001000
11100000010000000110000000100001000000001000001110101000110110010011101000000011001010110100100000011
00111100001001011000001001101001000001000101100000011000100101000001000000000000000101000100010101100
10000001000000000001000000100110010001001100100000101100101000100101010100001100000010110101010001010
11000001000001000010000000000001110100100000000001100001001001110010001000001110001000101001110000010
01100000011000000001110101100101000100111110010001001000110000010101100000000000011000000101100001110
00110001010010100001100000101100001000000010000010001110000101010001001000000010100010100101001010001
01111000110010100000001001000100000000011100000000000000000010001111001100000100000010101001110000000
00000101101100010100000000001111000000100000000100000000000000010010001010100100110001010100000100101
00000110110001000000000011110001001100100000000000001010111001011000001000110000100111000000100000000
00000101001000000000000010000000000010101100110001000000100101010101011000110100001000100001101000101
00001000001000000011000000101000000010100000000101011000000000110100110001001000100001100000100000000
10000000001000000010001100001110000000100110000001001000001100010011101101010000010000000100010010111
00000000010100010010010110000100110000000010000100110010101100100000000000110000010010010100000100100
00100010000000100011110001100111001001000000001001000001001010000100000100010010011000101101011000000
00100000000110000000000001011011110101111001111000000001000000000010000000100000000010111100010011100
00011111001000001010110000000001100000101000001000001000100000100000001000001000010000101101100101010
00101010001100000000100111001000111000100000100000010001100001010010000000000001000000110000100000100
00001000100010110001000001100000100001001100010000110010101000100010000011100000001001000000100000001
00011001010001100000100000100101111000100101100100100001100000000000011110010000001110011000101000001
00100011010001001000100011100100100101110000010101010001000000011010100001010010110010001010001000001
00001010100101011000001100000110101110011001000010000010100000110000000011010010010000100000100000000
01000101001001000100000000100001010000101000100101010101011100000000110000111000000100110000011011100
01000001010110101010000000010000101100000001101010101000011001000011100110100000100000000100001100000
01110010000110000100100110100100000001000000010010100010001100010000000001010100010010100000100000011
00110001000011100001000000011100000000100001000000010001100000000010000001101000001110010110000111000
10100001001001001001110000001001000001100000010011010000000000000110100000100001001010011000001010001
01010000001010101010001000000001000000000000001010010001000111000001011001000000010101000101000001110
10000000010000010000010000101001000000011010000100111011001110110100011010101010000010000011000010100
10000000111000000111111110000001000100000011000000010000000000000110100110100000000000000100101000101
01000010000110111000001010000000101000000001010001011010010100000001101011001001000000010100000011010
10100110100100000000011010100110000010000010000010100100000000100000010000110100100000100100100111010
00000010100100000000010001000101001000000010000000000100010000011000000111000111000100001010110101000
00010000000000100011100001010000000100010110010000000000000010010000010110011000010101101000000000010
00100000100000000000100001001010101000010001110001101000110101000101010010000010010000001000001001000
00010010100000000100100001000001000001000000000000100000000000110001000001000000101000100010010000000
01001000100010001000100110100001010000001011001000100001001101000101000000011000000010010100101000100
00010100000010100101111010011000000111000111000001011010001110001000100010101001001100100010011000000
10101001000111010001000110101101000100100100001000010000100101001010011000111100000000000000010100000
00100101100100100101000000000010110110000101000100000101010110100000100000001010001000001010010000010
01001000010000000011001000000000000001110010001000010100000100000000000000000110101110100010000101101
00110001100000010001000010100011011000000001100100000000110000011100111100000000001110010000000010100
01011000000000000000110000001001101000001000010110000010001001100000100100011001001000010000101000011
10000100011000000000100011010000001010001001110110100100100000010111000001000001010010101101110000000
01000000011000110100010000001000010010100011001000010001100010011001000001111000001101110000010101000
01000000001000010110000000111000011001000100100001000000000000000001000010100011000011010000001000010
00100100010000101101011100000001001000101010000100000100100110011010001000000000101010100101001100100
01010011110001101010000100100000100001001001010100111000100000000011001000000000001010110000010011001
01001100011000000000010000011001101000110000101010010010000110110010100010010000000000000001111000000
01000101101000100000001001011010100000001000110000000100000100100100100000010010000001000001000111000
0100010000000001000101011010000110110000010011001001000010001100001100010100000001111000100001010001G
