S0000000100000010010110000001010000100011000000000011101111000100011001001001110100100010100010000000
00000000100010000000000000010100001101001100010100110000100000000000000000100000100000000010100010010
11000100000001011010101010100000100010000000010100001000010000001001000000010000100111010101100100000
01011000110110010000011111101000000110100110010011000111000000010100000000001000100100100010100000010
01010100001000000000010101101000010111110000100001010000011000111000011000010101010101000000000010000
11001100100000000100001000100010100011001100010000000100010010101000100100000001010000001100000010000
00010000000000000011111000100110010011001000010000100010001100001001000010010000010001110001000010010
00011110100000000001000110010100000100000100101100000000001000100100000001101000000001000100011100011
01000001000001010001001110000000000010001100100100000001101110011010000000010000111100000100001000000
00000100000011001110001001011110110001000010001100000010000110110010000010100010100100100000101001110
00010001000101011001100000000100001101100000101000000000010000110100000010000000001100000000000010011
00100001000010001000000000000110100000100000000000011100000110110010011010100001010010010000100000101
01000011000001010010000100110001011110100101000000011000100110000000100000010110000100100100011100000
00000010100001101010001100000100111000000110010010000100000000110001001010000000100001000001000000110
00001000001000001101110001110100010101000000101000000000100001000011010010000100000000000000110100110
00010000001001000010100111001010000100111110010010000111010010000100011000101001010000100000000010001
00000001000001110001010110001100000000100000000000110101000011000101000101000001011110100000101010100
00000001000010010010001100001011010110010000101100011101100100100101110010011000000011000100011100101
00011000011001000101110000110001110110100010110000111000010100000010000010000001100000000011110010000
10101000000111011100000010001000010101000010000001001000000100011101000001001001101000000000001010010
01011010000101010111100010000011101010000010101110000000010110000000100010000001001100010000100000000
01100001100110000010000010100011001011000001101100100000110000011000001000001110000000011110000101000
01000000000001011000001001010000000100001100000100000001101100000001001011110011110110100011000111011
00011000010000001011011000000101011000100010111000100000001001000001000100011011000011000111011011110
01100110000110100010000000110110001000000000000100010000000000010000100001000011110010010010100000100
11010110011010101110010011000000111000100011010110000100100000110001000010001010011110000001010110001
10010111001110011010001110010100101011100001100010000001000001001100000010101010000010000111011010010
01000000000000101001010000000010000000110111001100000001001010000001000100111111001100000000001110000
01110000100010001000000011010010100000010000001100001010100011001110100001100000000000110100000000000
01000000001110110100000100010000100101001010000000100110100000001000001001001000001010100100000010100
10101010001100100000000101100100100011100000001100100001100000110101001010001010010110000000000000100
10010010101000001000000000011110001101100000101100000000000101011010001000000000000001001000000100000
10110000100000000000000110010010001000001000001111010100000001100100010001001100100000000000010110110
00000100110101001000100010101100110010111000000000011010100100100100000100000010001001000010000011110
00100110101011000010010001010011011100001101100110010000100000000000010010010000010111101001110000000
00100000110000000100100100010000100010000000001000000000000010100001000001010000100000010111100001001
01000010011001000100000000100010011000001100001000000000111010000110110100000001000000100000100000100
00011100010001011011001000011001010101010000100011100001000101010000010100100101111100100010100010000
01000000110001010000000110010010000100101101011010000000000100000010100110001000011000110110010000101
00100000001010011000001110000000000010000010010100001100000000001000000101100110010000000000010110011
00111100000000100001100001000011000001100000010101000010101010000000010100100010111000101100000000000
01000000010011001100010000010100001000010010000000000000000000001000001010000010000010101000010000100
01001011000000010001000001000010011111110010001000100000100010000101010000100101111000010111100010101
00110001000010100010000000000000100101100001100101100001001001001010000000000010100000000001010000100
11101001000010001001000100010001101000000010000000001000000100010000011010001101100101000000100110100
01010011000101000100001101000000010011011000000001100101110000011010000000100101100100001011100100010
00000010100010010000011100000010100000001010000111010001100000001010011100000000000001000100001000000
00000000110110100000101001000100010100101000010100100100010110110011000000000110000000000000010000110
10101010110000111110100000010000011000000110000010000010000001001101101100001001000000000001011100100
00010101000100000010000111010100000001110100001011001100010110000001010001000010000101110001011000010
00000101000010001000000000000011011000011000000000101000000000001000100000000001010110010000100010101
00010110000000100001100010001110000000010001010001000001010010010000000110000000100000000000000111010
00000001100000000000001110010011000000000101000101001000110001000001100001111110000000101010000000010
10000000100100000011101000001010000000100101010010100001111100001010001000100001001000010100000010000
10100000000000000010100110000100111010111101111100011000000000011000010010010111010010110000000000000
01100000100111000100000110000011101010000101100011001010011010000000001011000000011000100000010000001
00001000100000110011000100000010000100100100101100000100001000110000000110100000011111000001110000000
00001000100000010000000001001000000010100010100000100010010110010100100000011010010010101000000011001
01001111110000110100000011000110011111101001110010010001110010110100001001001001000100100100000000011
01100000010101110101000000110000010001100000100000011010001000000100001010101000000001100001100001100
10000011000010010101001110000000100101100000000000011010100100000001000100000000100000000101010100010
01110000000000110001001100011000000000100010000001001010110010001000010000001000010010010000010001000
00101010100000000101001000100000010001101011000100110010000100110011000000011110010110000000100011100
00011100010100010000001000111000101100010000001011100111101100000010000101101000100110101000000100000
10000000000100101010001100010000010001100001011100011001000000001100010000010010000010010000010001001
00010000000011000000011001001100100101000100001000001000100001100010100100000000001100001110011100100
00000000110001000100010000000010010101010100001111010000011000010001101100001000010000010010010101000
01000000000011000010110000100000100010001011010000001010000010101101001010011011000100101001110000000
00100000010001110000000110100101101000000011001001101000000000111101001010101001100000001000010100100
10110001001000100000000101000110000000000001000100001100001101000101010100100000010001001100100001000
00000010000001011101000100001010000001000010001000010110000101001100010100000000101011100000011001001
10000101000001001001000010001000011010001010101000111110101010110001000010100010010100110010100101000
10010010010101000001100010000100010000101010000000100110010001000110000000000000101010011010111001100
10001000001000001000000100111100000101100111001000000010110010010000100100000011100010000011000010100
01000000001011000000011100100101010001100001010001100000001100000100111001100010000000010110100011000
01100101000101010100001110101001101110011001110010010011000111100001000000111000010000100001000100000
00000000010000010000100000000010000000111001000001101100100001000001000011011000001000000010001000101
10000001010000000000001101010010100010000001000100000010001000101010000000001011000000000000001001001
01011001000000001000001100000010001100001000000000000011010011100100111110010000000011101011010001011
00010011010010100100010010001000100001000100010010000000000000000010100001000100101001000000001010010
10000001000001010101101010001000001010110100110000111100100010100001100010000010100000010000010010100
00000011011111001000001101000001000100000100110000000100000101000100010000010001011110000101101000000
00101000000000110001100000101001000010100100011100000000001000110110110000001101100001100001001001110
00101001000001001001000000100100000001010100000100100000010000000001101110000100001111001001010001001
10000000000101100000011100000000100100010000001001010111000000000010001010000010000101000000110100010
00100001100000011010000000000100110100010001000111001000000101000000001000010101001001100100000000100
00000000000001001101101001000000000001001111010001001001100001000000100000011010010010010111001000111
10101110011000010001000000001001010010110000100010010101000010010001010100000000000010000111110001000
01010001001010001100000010000010000000100100011100010110001011101001000000000101000000001000000001101
11110101100001100000000101010001100100100100001110000000000001001010101100000001111101000001011010001
00100000000001100110000011111010100101100001010010000010000110001101010000101001000100010000010010001
10001001000001000010110000110100000110000100000101000100101000110101011000001000100001100110100010000
00010010000010001000101000000010101001000000100010100101001110010000001111101101011010011001000010010
00101000100100011000100001001100110011001000000010000100000100001110101001000001100000011000100100001
10010111000000000000000000000011101100001100100010000000010001011000110000001000111000000000001010011
00000000000100000101010010000100100000000011000000001111000000010000000001000000000110010001010101000
01000001010001111000110011001001101010001011100001000101111101110001000001100000000100100010000000010
10000110001001101001000001000000001000000000001110100000100010000000001000110011001011000100100000000
00000000100000000000010000000000000000010001001001000001000000001010001000010111010101011001010000011
00000001110000010100000110010000100010001001011000000100000011100000001001100100100011000000100000001
0000010101011100100011000110100001000000001001001010001000100000001000100110100000101010000100001000G
