S1000001001001010001011000000000001101101000000100001000011101010100001101001100100010010011100100111
01010000100010001100001101101000000101001000011000010010110000100101000100000001101001010010010110000
00111001000000000100001000000011010100001001100010101000010001001000000010000100110110011010001001011
00000101110000001010000000011000001110000110100001000000001001001010111010000111100000011000000111101
00010000110010001010011000010101000000100000100100000101001000000111000000010010100100001010110000000
00010001100101011111100010100001000001100000100000010011000011000001110011100000001010000000000010001
00110110100111100001000111001001011000100001011001101001000000011001111000011000101100000101000001001
00000010100010101010000001000000101100001110000100010000100011000000000000000000100001001100000000010
00100000010100000101000110001100101000001011010110110001000001001000010001101000101110111010000000010
00011000100100001001100110000100010000000011101100100000100001110001010010000000000010001000010000101
11100001101000001111000000000001001010100011100011100101001001110001000001001101011001010111100000110
00001000011000011010000100000111010000000011100000100010000000101000000000010000000010001000100100100
00000000001011111001010010001111010100010000011100000001100110011000000010011110010000001100000000100
00010011100010000010000000000000010000000011110101001110000011000000101001001001111000100101001010010
00000110011000011110101000100001000000010000001001100011101001000001000010000010000010000011000101000
01000000010101010001100110000100000000000000100101000100000000100111001101000000101000101000101011001
01101000001010100000100101100101110000001010110000000000000011000010010110101000000010000101001100000
00110110001101000000011100110000000000010010000010000000010110001000110001101000110000010111000010101
10100000010011000000000100101001000110000010011000000001000110000000010000010000100000000000100001000
01111000000000100000000100101001010000010100010100000000111000010100001101010010000110000001001000100
01000000000100011000000100010010101100011011001110000110001000100100010100000110011010010100000110000
00010000001000010110001000101101100001011000010101111100111000000110100100000010000000101010010001000
10000000100111010001101000100000010010100001011010000111101100001100000111000100000100000100010001001
10000011010010000000010001000001101001001000010100000000000000000000000000000101100100000100011111000
10100100100001010000100000001010010001100000000000101010000101000000101010000000000000001000000001100
01100000010110100000010001010010010001011100010100110100100001001000010000101100011110000100000000010
11010001001010010010000111100001100010000001001110011000001100100000000100011000001010001001110001101
01100100011100111101010100001010000001001000010000001001000000110001001100011001000000100001010000100
01010000000100001000000111000101101001001000001100101000011000000010000001000001001010011100000101010
00101010110000110000000000011100001100100110000000101101110100100001001001011010010000100101000010110
01000001000000000010000000101010111000100101000001010010100100100000101101110001100000100011110100101
01010100001100010000000000100000000000000100100011010000001011001010000010100110001000011100001001000
00010100100000000011000001100101100100001000010100000111100101000010010110000000101110010000100000101
00010011001100010101010000010000000010000000001100000001100010000100010000010010010010011000001000000
01010010000001110000011011010010101010010101001011000000011010011000001001010010000010000000010100000
01000000001000010000100000000000101101101101000000011000000101001000001010000100011010110000010000001
00110101101100000000100001000001000100100010001110011000000010000101101010100100010000100011010000100
10010000111011000110010000000000001100010001111000000101110010000111010001011000101000011000010000000
00010100001000010001000001101001000000100000001000000100000000000001000000000010001000111000000100000
01001011100000010001110100000000110001010000001010000000000001000101110001010000000101000000010000100
00000001000000100000000001100000010000001100110010010100001010011100000000000000101100001000010000100
01010000100110001010001100100001000000101011000111010000101100000100001000000000000000001001100011000
10000001000001001000100010100100010010111000000000100000000110000000100101001010000011000000000100100
00000000000101000010000010110000000000001010000000001010001000101110000011101000000100100001010001100
01110000101000010100010010000011010010000000010000000010100000000101101000101010010011100000000001001
10100001000000000000001100000000010000101000000101110100101001001000100000010000001001100000001001011
00000100001100011001000000000100100010000010000000011000001000000000000000110001000000001001000010001
00011001100010001100010000010010000111011000001100000010000010101000011101100010000001000101010110001
10000010001000000011100010011000010000000100000100001110000000110011001011100001001000000010000011010
00111011010101010101101011011100101111011010000000011100001010011001000100110010000000000000011111000
00011000011000000001110000011001110000000000000001100100101110110110000101000010000101100010100000000
01110000101100000001011100010010000100000000000100000000101010101010101000111000000000000010010100010
00100000110101000000000010000110001001000010000000110001000000000000000000111010010100010100000000110
01000010001010000010000101010110000100100111100101001000000011000000100100000010110000100011000001000
00001101010000100100001010100110000000001101000000001001100101001100011010001000111110001001000001010
00000001100000000011110100010000000100000001100000001010011101100110101100000010100000000010000101000
10000011000000110001000001000101011100000000111000010111100000101100000110001001100100000000000100001
10010000000111110000001001010001000010010010100110010000000100000010001010000000100000010000000100110
01000000000001001111000101000110000101010101011100110110000000010010000000010010010010010001000000010
10000000110001001010000100000000000001110010110001000000111110101110000010001000100100001101110000100
01011110100000000000100001010001001011100010000101000001101010001000011010000000000000101100000000100
00110100011100000011101001010010100000001001001011001110001000100000000011010111000000010000111110110
01000000001100100111100011000000100010010000001000100001110010100001101001100100000001000000110000000
01000000100000011000001000100010100010100100001100000001001010000010110001100011000100000000101011110
01000000000001001001100110000110000110111001000010000101001001100000000000001100111001001100100101010
10000001000101000100001001001100001100001000010001000000100101101100000000001110100000110000000010001
00100110000001011000001000100000010100011010000001000001100111000000100000000000000100001000001100000
01011010000000001000010010000000000000001000111100000110001011000100101000101010010010111000000001000
00100100100000100010111011010111000110110110000000111001010000001110000010100000000000100000000110100
10001100010000000001000001000100000100010000000000000000010101010001000000110001110010111110000110001
11000010000000110011001101000111100100011001001000000001001100100110110111000000010100010010000011000
01100010000100101000001000010001001000001001100000000000100110001000011010000100001010000011011000000
01001100100100000000000100010000010100010000000100000100000000100000010011101001010000101000000010001
00101101010000111010001010001010100000001100011000010100000101010000000010100111010000001000000000100
10000001100000110001000101100010000110010000000001110010000110100001010000001011000001010100000111101
00000010000010000000000000001100000101001011000001100100001000000100000100000010000111000001000010010
10010100000000000000001010010000101101000001101010010100001001110000011111000000000010011000000100001
10101000001101000010000000010010010000011001001001010100000010001100011000111000100110101001100100010
00010000000000001010111010000000011101011010100100001001000100100000111000010010001010000001100001000
10000000010000000001010110011000101001010000001001000000000000000110100010010100001100100110000110101
00110000001100000000011110100010110000000011000000000001000011000010101000000000100000000011010001000
10001000100100011001001001001000011111000000000110011001100000000110011100110001000000111100110010011
00000010110000010000101000010010010100000000000001001000010000111000100000000100000000010010010101010
00100010000001110000100000110001011001011101001000000110000000100110000010011000011111110001110001001
01100000110010000010010010100100000000101000000000001000100000000001011000000010010001100101100011000
11010001001000111100000100001001000000110101001010000110100010000011010000010000001101100010000100000
00000000010000010000000110100000001000000010000010000001000010010010100100000000100110000000000000001
00000110000000000010101110110110001001000100000000011001100000000001100000010000000110111000010000000
00001010001100101011100010000011000110000010001000111000100110001001010100100001100101001000001000111
01100000000001001100110100101110001001010010011010000000000101000110100001000000001010010011101000100
10000100001000000010010100000001001000100100101100100100011000101000001100000010010101001001000100100
10000010000001011011110100000000100110001100000001000110011001101000000000010001101001000000100100000
00110000101100100000000010110100011010011000000000000010001110001010000000000001001000000010111101100
10000000000000100010001001001010010010001000000000111010001000000000010010100000011000100000010001100
00000000001000100000000000001110100000010000100010001100000100000100010000100011000000010101011000010
10101000000100010011001000010000110000010001000000000010110000111101000100010000101000110111101110000
10011010110000010100100100011001000000000000000011001110010000100101001010001000001011000000000001000
00010111010010000000000011000100000100011000000000101101010011010010000000010100000100010000001100101
00000000000010000010000100000110000001100000001000011000000101010001010000000001101000100010000100001
00011010010000000101101000000001000100010000011000001001001000000001011100101010100001000000010000001
0110011011000011011010001001011010000001111001101011010010000010101001000010001101001001011101010010G
