S0000000000000100001000111001010000000000100110110111000100000000000000111001000010000101001000010001
00010001000001000001010100110101010100000100010100101000000011001000000001100010010010011010101000000
01010000001100100011010000110001010111101001000000000000001000001010000101011110000000100011010001001
01110100000000100100001000101011000100110000111110000000100000000010000000000110000001000000010000101
01100010000001011010101000000010110010110111011000100011110000011100100111000000101001000101010100000
01001000110001000001001000000010100000010001000000001000010000101010000010000110011010000101000001000
10000000000001001101000011000000000000000110000100000000100000011011100001100000110000110010000000100
00000100010110001010010011110001010110010000100010001001000001001001000110001001001000000000001011010
00001010101000011101010000000110000000000010001001101000100001000000111010101011100001001000010001000
00000110100110001100101000001010001000100001101001000100000000000000101100101010000110110000010000101
11000100001000011000000010000010100100000000110000010001010010001010000000100010100000010000100010110
00001010000001001000000100000001010000100010010100101111110001100100011011011010000100010000010100001
01001010000001001000010000111011000111111001100001000000000010010010100010010100001001011000000110011
00000001101001011000000011000110000001000010100011001110000000011000110001000000011011001010001100000
00000000000101011101110001000011010000000000001010001100000000011000001100101000000100100001000000010
01001010000101111001000110101100101010001000011010000110100010001011001110011000000100001100000010000
00000000100000100000011001100101011000000101100010000010001101001000100011110000010100100110001000010
00001011010100001000001110000001000000000000000000010000010000100000000000010000000010100110000000100
00100001010000000100100001001000000110100111000000011000000000000010011000100101100100001010000100000
00001010000010000010000000000100010000000010000000000000111000100000000001100100100100100011000000001
01000110001010010100000010000100010100010000010000101100110011000000010000100110000010000100000000110
11001000100010100111000100000100101000010101000010010000000001000001000100100001001000100100011000101
00000001100100000100001001010010000101001001001110001000000110010000010100011010001100101000001000010
10001000111000010000001001100000010100100101001011101110001001101100001110100110110000000001000100000
11000000100000001010011011010001100110110010000010010001010001001011000100100000111000111001010100000
00010100000000010000000000010000000000010000000010011001000110000101011000000010001100010100100000000
00000000001100100000101000001001011001000000000100110101000000011000110011000000111000000111001100000
00001110010000100010000000000000010001100101000110000110010011111000010000000101001100100010100000000
00100100001100001010010101000111111100011001010000000010000001000000101001110100011001000000010000000
00000100000000000000011000110000000001101001010010001010000100010100001110010110000000000100010100111
00101001000011000000000001000001000010100000010100100010101001000000000101100100101000000110010000010
00011010000000000101010100100010001110000000011101011101000011011101111001001101001010000100000000000
00000000000000001100100010000010110001000110001011010000110100001000110000101000000000000110000100011
10000001000010000000000000000100000000100000010010010110010001111010101011100000100010000000010100000
01010100001000101010101011011000100010010100011110000000110100000001110100000000001000001010000100000
11001000110010001100001100011010001100001001011000010100001000001100100010001000000011000000100000000
00101110001110010100100000000000001100000100000011011100111100001101001100111100000100001100010101010
00101000000000001100011010100000000101000000000001000010000000110000000111000000001100000100001100001
00001001010000000101001000000100001100101010001000100000010010010001000000000111000000011010000000000
00001001000010000111000000101011010010000010010010011011000100101000011000001000010010001001000110000
00100001101010000000010100100001000000000000101111010100010001000000001100000100011001001010101000110
10000010100101010001111011000100001100000000110000001001000001011000010010011010000100000101001000110
00001101100010001111000000000100000000000000110000101000001010000100000000110000010101100001010110000
01000001000010100001000001000010010000000001110101010001001010100010101000000000000100100100000000100
00110010111100010000000000111000000000000000000100010100101001010101000000000110000101101010010101000
01100000100000011010100110101001011010100111000101100000000010110001000001000010010000001010111001000
00101000101100110111011001111110001110001100100000000010101100000000100000101100100010000000000010000
00010110110000010000000100101110000100000001001000000000001000001000000001101000100001001001000000110
00100000001000101000000000000001011001010110100000011100000110101100101000000010000010010001111000010
01100010000000010000100001010001100101010110000000000100010000010101110000110000000000100000000000000
10001000001100001110000011000100010000000000110110001000100001011100010000000110000001010111010000111
11000000010000000000100010110000101000001110010000001111000010000001101000000010000000000100010110100
00010000100001010000011001000000100100001001000000000010000010100100010000000000000000001111101011000
00000000100000100100010000100110100100100100000011111000000000100000000000000011011100001100000000111
00000010110010000100101011001000110000110000110100001111100000000001100001000001001100101001100000010
01000000000010100001000111000000011010010100010010010110100011010001000000110000000000000000000000100
00001000000100010010000001100000000001000101001100000010101000011000000011000100011001001001000001000
00001010010110111100010000100110101100001001100001100001010011000101100001100000001010101001000010000
10000001000000000110000001101010000110000100000100101100010010110110000001101010110110010000000010100
10010100000010000100011011010100100000000000111100101011001001000010001000011000001001000000010100011
01001001000010010100010100110010000100000101000000000001000010000011011111000010100100010000000101001
10010100010010100000000100001100010011001100000010000000000001000110000000110001101000000000110000100
00100010000010001001100111010001010100010001010101000000100000010100000000000010000010001001000000000
10100101110000111110100000000000000000001101001000000000110101000000000010001101010010011011001010000
00010011100000100000010100100001000001000110000000100100000010001001010000101010010101101001011011000
00000010000000000101011101001010100000011010001000000010001100110001010110010001100000000100000000010
00010010010000101010001110100101000101000100000001000101101001100100000000110001110101000000110000010
10010110000100110000000001101000000000000110001001001100010000000101101000000110011010110000000000000
01100100000100011000010000101000001001100110001001011100010000001100010100010000000101100001001010010
00011010011000101010000001011000000011011011010000001100010001001010011000100010000100001011101101000
00010000110000000000001000000001111001110101000111010000100001100001110101010000001100100100000000010
00010000100000011100010001000000011100010000000000101110100010101110000001011000001000100010111001101
00101000000000100101000011000100010001010100010010010000001000101010010100100110000000110010010101100
01100010000000110110001010101000010000001101000010110110010010001000111001100000010100000000001000010
10011010010000000000000000000001110111100001000100100001100001010100011001000011001100000010011000001
01000010100010010000100111000010000100011010000101001100011001001100110010100100010100011000110100000
00000000001100001010000011101011000011000100100101001001001100100010101001000100000010010010000000101
00000010000110100100010000000001110110110000000001100010011001110000110001001110000000000011000010001
00100100100010100010001100100010000100000100000110010001001010000000001101001001000111100000010001110
10010110000011110101000001101000000000010001010010100101000000110111000000100000000001000100100010100
01101100011110000000000001001101100100001100101000001001000010010001011000110010100100000000110001000
00000001101101000000110001000001000111001100001001000001000000010000000100010000100010011010001100001
00010111100011010001010000100100000010101000001100101000010101000110011100000101001000010010010111100
00001100000000000001010001010100000010010000100000010101000100001000010000100000001000010000111000010
01101010000010000101010000001010000001010000100001010010010000000001110001000110001011000010000011110
00001001010000000001100101000000000100100110000101011100101000000000101001000000001000001100001000000
01001001000100000000110001011000001000110101111011001000100010010001101110101101000010000001000000110
00010010001000000111100000001000000000001000010100000000000001101100001010000100110110000110010000000
00001000010000100100011010000111100001100010100000010100000000000111100100110000000100010000010110100
00001010111001010010000010001000010010101010000010011110000100000000111000100101000010001010010000100
11000001100100011001000000011010001000100000100001011011111010000010000110000000000011010010110001011
01000000000000011001000110100110110011000010000100000001001000111001010011010001100001000101101001000
10110001000001110110001010000100101001011100010011001000000000100010000111000000011010010010000001000
00011010000000000000000000001000000000000010000101001001000100010010000100010111001000011000101111001
00000001000111000000100011010001011000001100011100000010000010100011011010010000000000011110000001001
10001000100000000000000100000010000110100000100010100110000110000010011000000001000000100001000100001
00001001000100000000000001000100000100001010101100000100100000100010010001000001010001000101101001101
00001001000000101100100011011011000101000101000001010001010011010000001001000100011010100000001000101
01100000000000001011000000110000001000000100100100001000001110001000010001001001001010010110010110000
10011100000001100100011000101001100011001100011100101000100110010000010110001110010100001101001100000
1010001010010000100001010011000101000100000000000000000000100100001010000001010000001000010000100100G
