S0001010010000000000001000011010010000000010001000001000011100010010101100111000000100101101000100000
00001100100000100110100000101000001100000000000001000101010000010111010001101000000100100001010101000
00000000011000000000000000000010010000010110100001011000000101100000000010000000000000100100001000000
11010000000001000100000010000100010000001001011101100101001111000000000101101011011000101100000101010
00010000000000001010010100001000000110000100100000011011011100000100001010010000111110010011001001000
00001110010100000101010000001101100000000010010010010101000000011000111101001000000000010000100000101
10101100100010001100000100101110100100000111010000000100000011011010011000100000000010000111101001110
00000000000001001000000001100100011110010000100101001000000000100000011010001010100000001100010001000
00100000001100011101010010000100000001000000001000000100010000000101001000001100000100000000100100000
01001000100100000000100100000000001000000000010000011001011100000000000101010000010100100000001100000
01100010010000100010000000000000000001100000000000100100010001000000010010000010000001000110001011101
00011011011001000010011010010000100000100000000001011000010000010001101101011100001000000110010000010
00000000001001010010100101000000001010000000011111100001101101100000011000100101011000001001001101000
01000000001000110100100001001001000111000000011101001001011000000000000011010000100010011001000100100
00111100001100000101001011001111100011000001000100010010000000000100000000000010101001000110000000000
00000000110000000000000101100100000000010011001001010010000101010110001001001000001000000101000000000
11001011001010101111000000000111100000111000111010110100000001110001011000000000100100100000011001000
01001101100000000000000010000100000000000001010010010000001000000010000000000101000000000100001001010
10000000100100011000000000001000010110101000101100110101000010110100000000000001001000000000010100101
00001010000000000101010110000100000000001110011001111011110001101010010101000000101000001100111100110
00000000000010010000010000100000000000000011110001010000000000010000000000100000111001110000100000010
00010010010101000000000000100011000100101000001001010110001001000000000001011000000000010000011100010
00101010110010001110001001100100110010000100111110010100000101101100010000000000000000111000010110000
01010000000000000000010110000000001000110000000110000000001110001000000010000011000000000000000000100
11100000010000100101000000000100011001110010100010100000000001100010001000011010000000000100101011001
10000000001000100100000010111000110000000010010110001001000010101010100100110000000000010000010000101
01100000000000000000010000000010000000001000000000111010000100001100011000101100100011011010100000001
00100000010000000110100111000000011001000101000000001000001000000000100010010001111000001010101001000
00101101100001100000001000000100000000001010000001010001010011000000100000100001001000011011010010001
11001000001100010001000001000101000010001010001010110010001000010011110100000100101100101000100000011
00000000000100000110000010000000010110111011100110010000000100000100001000000000011010000011001010010
01000010000001010011010010100000101000000100001101101010000000000111000010100100101110010000100000000
00000101000100100000011010101000100000000000000000000001001011010100011011001010001010001010110010001
00001011010110100000000101100011001100101001101000110000000000000110000101000100000110110010100000100
00000001100100011000101101010100110110001100110100011001000000000000001101010001000010010100000010000
00100001000001001110001010000100000001000100101100100001001000000001010100001000000100100101100000000
00000101100101001000000001001001001001111101010000101001100110100000011011011110101011001010100000000
00000000000010001010010100000000101001010001110001001100011010100100010000100000000010001011010110100
10101011010010010100000000000100000000000101000000001011100000110001000000100000000000100100001000000
00000100010001000100000010001010101000000001100100000000011010000100100001110010000100000000111101000
10011110000010000000011010011100010101101000001000010010010000000001011101000100010111001001101010110
01000000000001001100000000010110011000100110010100000011101000000000100000000101100101000010010010000
00100100001001010110101101100010001000001001000000110100001000011000100001110101000110100000000110001
01010011101000000000001001100010000001100010010011000000000000000001001100010000010100000000000100010
00110001100001000000000110001010010000111011000101000101000101011000000011001101010010011110000100100
01000001100011100101010000000001100001000000101000101010001000011000100000000100000010010000101101000
00001101101000000000010100100000010001001000000101001000001001000000000000100010100100000010100000000
00110100100100000000000100000000010001001000001100100000000000101000011000011010100000101000010000000
00000010001010100011110010000100100000110100101100110000101000100100000100001011001101001111000110000
00100000010100001110001101100000001010100000000000000000010001010110110100100000001000010000011000110
11100011000000111010000010100100001101000000010001000001001000110000000100000001000100000010000100010
00000001010000000001000100010001001010001000011010000000000000001101000000010010000000101000000000000
00000100000011001000000101110110001101110100001101000010001011100000010100000001000000001001000100010
00010100001010000100001000010011000000000011000100100101000000000000000000100110100010011010000010000
11101001001011101010100010100001010100101000000100001000100010001010000001010010000110010000010000001
00000000000100101101000000000110000010001000001000100000001000010000101100001000001010101000000001000
10000001000100110100100000000100000001000100000000010000001000000110100100001100001010100100011100110
00000001000011001100110100000011010010010110000100001000110111000010101001010001000000010001001001000
00010001000001000000100100110000000000110100000100000100100011000000010010001100110000010001010000100
00000001110100000100100001000000000101001000110000011010110101001100000000010010000100001001101100100
00000110010011000000001001100000011001000100110010000110000110100111000111011000010001100000001111001
01000000000001000111010100010000100010000001000100111001000000000010000000101001000001001000101000000
00001001000100000100001000101001011101100100110101000100110001101100010011000000010000010010001011000
10011010000010010011110110101000100010101000000000010000010000001011000001000000100110110010000000000
00011001000010100010010110000010100000100010101000100000100001010110010000000010100010100001110010000
00001000000000000100000001010110001010110100000111010000001100011000000000110000000000100110010001001
00110010100000101000011110110111000000011010110001100000000000000000010001101000011101010101100010000
00100110010001100000000000000000000111000000010001001000001101000010100000000010101100010100001000010
00100000000010100001101010010000001000100010000000000100010010111000001111110010110011010111100001000
00000000100000000100110001001011001011000101011000000100001000010010000110100100010101000101110011110
01001010010100011000010010101001010000100100100001000000100000001010101100001100000000010000000001000
00001000001001010010100110001110100111000000001010101001011001000001111000000000000100001101101111010
00101100101101101100011000000010000100000010100010100001101001001000100011000110000000100000010110100
00010110000101101001000000100100000011100000001011010000100000010000100100000100001000100000010000010
10000101101000001000011001101000001000000110000000101100010000101010010000111011101010101000011100000
01010010010000001000011000000100110110100010111011001100000010101010011010010101001000000000000000000
00000010100000010001100100010000101000010101001010001000001111000110010010000100000000001001000001001
01100001100110110100010110001000000000100000101001110010010010000000100100001111100000000000010000000
10000111000110010100000000100001000000000011101111000011000001011000110000001010101001000000001100000
00001010110100010100000000011101000000100110100000100000100000010000000000001000001000000000000101000
00000010011000000000000000000010001100110000010000000001001100000110110000000110001011000010010001100
01000100010010000000101000110000010001010100010011010010000010110110000010001000000000000010010010000
10000001000110001001000010001111001110001011101010010110100001011100000000100011000000000010010001010
00111000010001100010000000101000011100111000100100010001100010010000100100110000101101010000100000000
01000100000001100001011000100000000001001110010000000010000101000100000101100001000100011100011000000
00100010111100000100000001100000100000100011100010000010100001111101100001100001010010000000000100001
00000000110010010000100110010100101010001000100011001000000010000010000011000100001101010000101100010
00001001010110000000100010001000000010101100010000001100100001000000001000000100111000010001001010001
00001001010100000001100001100010000000001101100000100100101001001011000100100100001001011010010000010
00000000110000000011000100000000010000100001000000001100000010011000101001000001100000000010000101000
10100011010100100010000000101011001000001100111100001001000101000000010010000100000000100000010011000
01100001010000000000100110100100101100001101100001100000001000111001110000010000000011110100011101010
00100001100101101000100010000001011110101001111101001011000100001001100000001100010000000110000010000
00001010100100110000000011000100000000100100000001001000010001000100110000000010000101010001101000010
00101000010111000101001011001001000110100100000010101100111001100110000010100000001101000000111010001
00000000000100000100000001000110000111001001000001000001000010100000001001000110000101010011000111000
01010000000000001000000001000011010000001000000001010001010000100011000010001100010010010011010001011
00010000110110000000001000010000000000001000011100010011000100000001001001010111000011100111000100000
01110011000000010001000000100010110000001010000000010010010000110000000100000000000010000000000111011
10000000010010000110000000000000000010000000000100000000001100001000000100100000100011000101010101010
0000000001000000001100010000011000000010010111000000010101100100010000110000011000110101010111010010G
