S1000110101011100010000111000110100000000100000001000011001100000100100100010010000010000010000001010
00010001011000011001000100011101000000001000000000001010000010011000000100100000000000000001001110001
00000000000001000000000000010000000010000111000001010100010000101011010101010001000001100100000011000
10101000000001110010000001000000001010000100001000000010000101100010001000000010011101010011010101001
00000100010011011100000010110010010100000010100000100100000111000101011010000110000000000001001001001
00011010100000010110100001000101000100010101100001000100111100100100110000000101000000101110001001010
01000110000100000000110001000100010001011001100000000000000000011110010001010000000010000010011010000
00100000001100000110100010000010110000000010000101000010011101001111100111100001100110101000010100000
00010001010000000000100100000000000000100100001100000000100011101011010010101011000000000100000000000
10111100000011101010100110001011001101010100000000000000011100000001000010000011000100011010001111001
01000000000101000000000000000000000000100001001001011000001100100010000001000110110001001101000000110
10010100000100101010001100000110011000110110000000000001001110000111010000111001001100001000000010001
10000100011000000001001111001011110010000000100000000001010101010010100010000010100100000000000000100
00000100010010110010111000000001000000001001000000001110010001010000000110100001001000011100100000100
00100000100010010100000010011010001000000110001100001010100001101000100000000101001001100000000000000
00000011000100010100000001000010001100000101011000100100000010000100010000010110001000101011110000110
00000000010100010000001001010000000100100010101100011000100000101000011010000000001110000100000000010
00000000000000101000001100110011000000110100100010111000000010001100100000000000111010010100010000010
10011110110001000000000110010100101001000011001101010000001011010011000010000000100100010111000100000
10000001100100001000000111000011100010000010001100100001000000100100100000001110100100000011100000000
00001110000101001001100100010101110000100101000001100100011000111010000000100010100100000000110100000
00001001100101001000001110001001000001000010000000000100110110110100100010100100100010100010101100100
00010000001001000111100100111100111011011000100101010001001000000010000000100100010100000100010100001
10000100010000000101000010100100100000000100000000100000000100000111001001010100000011000010001000000
00100000001000010001000000000110001000000100000000000001000000101000000000001101010101101101100000001
01110110000101100000000000001000101100010000100101100000100010100010000000100111000010101100101000000
00110011000100000001001100000101010100111010100001000010001000000001101010000010001011000110101001000
00110001101000110100100101001000010011001011010000100110011000000000001000000000001010100001101101000
00010010000010010001100000010100001111000001000000110001001100000100110001000001101000000001000010010
00010001000000000000000000110000000101010001000001001001001000000001100101010000010011011001000000000
00010000100010000010000010001110000010011001001001000111010000001110010000100010011001000011101001111
10001101001011100010000101001010101000000000010001000000000110100001000000101100001100010000101000100
01000000000010000001010000001000110000100000000100000000010110000010000000010001100000100101000000001
00010100100001000000010101100000011010100000000010001000010000011101110101000010100000110100000001111
00000010101011000110100100000001000000010000010000000000110010000000000100000001100010000110011001001
00001110010100000101101001100101010101011000111000000000110000000101011000010000000000010000001001000
00000011001000011000011101011100111011000010001100101000100011100000101001000100100001011100011001010
01111011100110000101100001011001001000000100000000000010000000110001000110000001101000000110010000010
01000001101000001010000001000100010100011011010000001000000000100000000100100000000000000100000010110
00101000111100011000110000000110000011100010110010100111100000011001110000000010100111010000000000110
00010001000010001000001001000001110000010110101100100110000100010010100011011000011010000001000000000
10100001001000100001001011001001001101100010000000000010000010001000010010100100000001000001100011001
00000100100100000010011001011001111100000000000001000101100100111010000010000001000000010011100000100
00000110100000100010000100100000010000100110001000010000011100011000001100000000000010100000010010010
00100010001010001000110101010010000000000100000100011001100000000100100110000010010010110000001000010
10000000101000100000000001001010100010100001000001110110011100101001010001010010100101100110000010001
01000001001000010011000010001100110001000000100000100000000000011100000100100110101010011100011001101
00000100010011001110000010000110000010001100100000010110100001100000000000011100000000000000010101111
10001110100100001010100010000000000010000000011110000000001100011000000101000000001110011001000000000
00000011000001010011100010000111100101000101100000000011000101000011110110010101010000101010100000011
00001000010000001001110001011001010011101010000000000010011010101000100100000001001000101100010001110
01100000000110001100000111000101000110000100000010101010001011010100000011010010100000100001001101001
00101001100110001011000101000000100000001000101100101000010101011100000010000010010001110100000000000
00010100001000000000000100100000000000000001100000001110011100000010000011000010100010000001000000100
00010100000000010010100000100011001010000000000101000011000100100000000011000000001110100000100001100
00001010100001110011010011101110000100100001010100100000000100000011000001000000001001010100001001000
10010001001000101110000111000000000000001101000000100000100010100000011010110001101010000000100100001
00000100010101011001100101011001110010001010011001001001110101000001010100101000001000000010001001000
00011101011001010100101000010101001101010110001000000001000100000001100100101000110001100001000100010
01000100000000100100010000010011100000000000011100010101000101111000010110001000001111000001000000001
01001100010010111010100101101010111010000011000000000100110000101111000001011001000010000001011101000
00001000100100000001000000001100111100000000011000000010101101011110010000101001000101101010000110010
00010010010001011000101100000100100000111000010000100001000000010010001000010000000001000100000001000
00100110100100001000000010111011010010000101000100100000101101000001000000001110100000100001010001100
10000001100000000001010000010100010000000111111000010010000011010100000001100101101101011100010001001
01100010101011001001110111100100000100000000001101010000001100001000000000101100000010010100010010100
00000100100000000100100000000000100000010000010010001000001100010010000010001000100000010100010001011
10000010101000100101000000110010001000000000001110001000000001101000000001000100110000000010001010001
11100001010101100000000101000100000010100010001010001000010000001100001000111001100101011001010001000
00110100011000011100010100010000100100000011000011011100000101010010000100001001100000110010000111001
10110000000000011010010000000100010011000110000000000100100000101001000000100100000000001000110100000
00001100101110010000001111111001000100000010100101010010000000100000001100000111000111000000000000000
10110010110101101100000001000000100010000000000001001110110111000010100000000000001100000011111100110
10000000000110110000001000011010101001001000000011100110001001001100100001010011000000010101101000001
01010100000010010101000100100101000100000101010010101000001110001010000110001001000000000000100000000
11100010100000001000011100000110100010010100000110000000000110111000100100111010011110001001100100010
00001100011111000000001001010010100100100011110000001000011100010000001000101000000100100100010010100
00001010011000000001010000001000100000010000000001101001001100000010000010001010000100000001000001000
00100101001000101010000100001000010010001110000000010001011000000000000001101100100101010000110010001
00000010000011000100100000100001001101000011001000001100000000001000000000100000001101001010010101000
00110100000010010100011010000100001101000001010011000010010000100001000000000000000110111010000100011
10000000001000010001000000000110010111000110011010110110010000001100001000000100110000100010000001000
00000000001010000111000100100000001100010100000000000000100000110011000100010100000000100010011000001
01010001000000100000010000100000000000010101000000000000001001000010100001001010001010000000110100010
00100010100000010101000010001100100001010100010010000100110100001100011100011001100000100110000001001
00001000001001100110000010101100110010011000001000110100011100111000111011000110001001010100001001000
01001000000100001000000000010011000000001000100000100011000000101010011000110001001001010100000001001
10000100000101100100001110010110000100000001101010010100000000100000001100001001000001111101001000000
00001000000010110000000000001010000101000101110011000000001100000110110000000000000000001001000000000
10000101000000010000001000000011110000001011000100000000000110101000000001000101000000100100000001001
00100000110000110000100000010001010000001000000010000000000100001010010010000100000001100000010010001
01000010100000001100000110010000100011100100000000101000001001110010011000000110000010000000000000101
00000010000000100010000000101111100010101101010000000000110101000000001110100100010010010010010010010
01110001000000100100100000000000000101100000010110100001001001000011011000001011001111010000010101000
01101000110001100000000000010000001000000100000000001010101000111011001010010000100000000000110010001
00000100010001110000000000000000110010100011000001001000110001010000110001000100100000000100100110001
11100000011010000101010000000001000010001001111000000100100001000100000011000100000001010000000001000
00010011100001111000001001100000001001100100001100000100010100110010110000001100010000011010100001000
11001110011100000101001001000000101001000100001000100001100101100101001110100000000100110000011001101
00100001000110110000010000001010110110010110010000010010000100000000001110010100000010110000001010110
0010100100100001000100010101100100001001100000000010101000100010000010001000101101101000010000001000G
