S0101101000000010001100100000100001000100000011000011001000001011101010100010001110100100000000101010
10001001001100010001010000100100001111000100010000000001001000000010001000000100000000100010000000000
00000000001000001110010000100000010010111100010001100111011011001100000001000000100000000100001010100
01010000100110010010001010101100000010000001101010001100100000001001000011011011100000101000100010111
00010100001000000100100001010010101110011100001000100110000000001000000001000000010100100000000110001
00100101100001100010100100010001100100010000100101000001001000000011010000000110010000011000011010100
00101011000000000110010001110011001100100100001101111100010010101000000010111011000011000000010011001
00000000011010000000001000001000100010001000000010000010110000001011000001101000000100000100011001100
01001011010101000000110100100001001001001111101110001100011000100001010101010110010110110001001000000
11001000000010010000000000101001001011000000100000000010011100000000010000010101100011101000010100101
10000010000011000001010100101100000011000001101000000001010000101100000100010111101000000010001000101
01100010000000010010000101000100000010100010001100000010010000100100100001000100101011110000000101000
10000110001000101000011100100110110000010001011111000000110000011000000010000100100100001001001001000
01110000000000000100000011000100010000100001011010010000100111110000100001001000100010011110000000100
11000001000101000101001000001100000010000001110010000010011000000000000000000000100001101001000000000
00000011000110100000000000000001000000000101000100000010001000000100000001000010000110010000000001100
00010000001001011000000100100100101110000000100000100110000100000000110000000100001001100010110011010
00000000000010100001000000010000010000000011010111111000110000011100000000100000001100011100001000000
00010000001000000000100000110111100001101001000000001000010010100110111000001010000100011010010011111
01100001000000010001101000000110000000001010100101000010000010100000100010001101001001011000100101000
00001110000000000010011010100010001001011000011010011100011000101100000100000101010100100000101011010
00100111000000000001011000110001011110000100000100000101010010111001110001000000100011100011101100011
00110100000101011011011000001000101010000000001000100101100000111101001000001110010100000000010001100
00000001001000100000000010000001000101010000010101010011100001000000101011010000010101100010100101100
00000000001011100001000000010101100110001000000101100111000100001100001001100100010100011000011000000
00010000000000101001000000000000000000000111101101000100110001000000010110100010110111000100001011010
01001101001001001000001110101001000100010000111001001000001101000101110000001010100110100100010111000
01000100000001001010000001000000010011000011001001000000101000000000001000100000000010001000101100010
10000100001111000000110101010000111001100010000000000100000000101100000000010000111010010000000110101
01001011000000100010000010100010100000100000010010000000001000010011000010111100100001000100011000111
00010000010000100011000100001000001101100110101000000011001000101101000010001001010010000111000001000
11101000000011001010001111100011101010001010001000001110000000001011000010010001100000011100001010000
01100010100100010100010001000100100100000101000010011001100100011000000000001000000001001100100001010
00000101100010001011101000110101100000000001100011100010101011000000011000100000101001011001010100010
11100001011010000000000001111010101000000010001000001001011001000000010000011010000111100100000001000
01000000110010000100000110001000000001100010001000001000000111100000100100000000000010000000011001010
01000101100001000010000110111100001000010110000001000000010100001110000001000110001001100110010000110
00100000101001110000000000000100000001010110101001000100000000000000000011000000000111000100001001100
01111001010001000110010000010010100000110010010001000100000010000000000110000111000111000000000011000
10011000000110100010001110000000111100000000000011101011000100000110001001001001100100100011000000000
10001010001001011001100000010001100010001100100101110000000010100001000100000110000011100000000000000
10001000010000000101001101000001010000001000100000000000100010100101001000001001001010000110000110001
00000000010000010000000000000000110100101110001100000010010011001010010001000000100000000000110000111
10100101001000000000100010110001100000000000001000000000100000110010111001001101101000100101000000110
00011001000000000001000000110011000010000110010100010000101000000010000001100000000000010100000000100
10100000010000000101010000000010000101001000110011010100101001011010100000101110001010010100000011100
00001111010010010000011010100000010100000011101010001100001110000010100011001000010000100010000000110
10000000000010100011100010011100010001101100110111001000000001000000101001000100101001000000010001100
01010100110100101101100000001101001101001001000001101010100001101100000001001011000000000000000000100
11100000000010000100110111000011000000000000001101000000100001000010000101001001000110101101101000100
00101100000110000100010000000001001010010000000010000110000000010011001001010010010000110100001010110
00001000000011000000100010100000010000010000000010000110101000011001010101111100100100000000011000100
10000101010100100000100011000010000110100000101000001000011101101001010010011010000000000010010001100
00100000111000000001100000100011000011101100100010001001001000000001111001000000000100001011000101000
10001000101011000011000101000101100000100100000100110000010000010011000011010001101100000100000000000
11001100001100011101110000010110000010011010000011000100000001011000011110000111000101010011000011000
00000110000000001110000001110011000001001000000100001000101110100111100101011001010000100011000000010
01010001000010101000101100001010101001110100100000001001110000000100001010010110110011011000011010100
00100001001000000010000000000100110010011100000010010000010010110101000100011000010010001010011000001
00000000000010111010000100010010000011000000011000010000010000000101001100000100000011000111100010000
00001000110101011110000000000100101000101001001100000111100000000100000001100010000100001100101000011
01100000001001000000010000000011000000000101010011011100000100100111010101100001000010100010100000100
10110001000100011111011011000001100110011001000000010000100101001011001010001101100000000010010000000
10001101010100001100100001100001000001000010001011000010000001000001000100100001101000100010000001001
00010110000110100000011000000011100011001110100001000010100000000110000011001101000110000000100000000
01000001101100000010111000010001000000110110000000001001001000000110011110000100001100010100001111010
00001000010000000000000000000010011000011000101100001100010010011001110010000001001100000011110101000
01100001001010100010111000000010001000010001101000100011111100000110000000100000100110000000010001011
11000000000001100000000011010100111010000010010010000010000100000100011001000000000001000010001011101
11101001010101100000000000011000110101001000001000101010000011101101000000111010100100001000000110100
00000010011010010000011101000000010011100000001000110101010100010100100001000110000001011000000100000
01001001101000010000001100000010000000011000000000001001010010000100010010001010010110100000100000000
00000000000010010100001000101100001000000100010011100110110000010001000000001000000100010111100010100
00010000010110000000001000100010010000001010000010010001000100110001100100010000001001101010001010110
01001001001010100001000000000001001000101100000110100100000100010001001000010100100000000000011100000
01000001000000000100000111011000000001101001000000000000100100110100000010100101000010010001000100100
00100010000000100100101101100110000100000001101100110011001000000001101001011101000001001000100001010
10000000010001010000001000000111001000100001010100000101000001011001000000000000010000000010000111110
10001000010100100010001100010100000001100001100000010000101001001000100001110100100101000100110010000
01000000010100000010001001000011001010100001000000010000101000000001101010001000101010000001110011000
00100101001000011111110011000011010010101001011000101000010001000001001000010010100000011101000110000
00100100110001101000000001001100000011010100001000010000000000000000001000000100000000000010100100000
10000110000011110001010000000001011010010100000011001100010000001001010010101001001100001000000110110
01000110000110010001000110000000100001000000001000100001010100000010000000100001110011000001101000100
01010000010011001000100100100010100101011001010111100000000110000000001100000001000000100000011000110
00100100000100000100100000001100110001110001100010010011101010010000000010000100010000001100000100010
01100010110110100010100010010000001010000001001000001000011011011100000010100101011110011100000000000
00000010000000101000001101010001000110100010001000000011100100000000100011000111000101000100010000111
11000000110000000101100010001100000100000000010001010000101100011100100001111000000000011000010100010
00000001000100010001000100100100100101100001101000110111000000000001000000110000010011110100111000100
00001000100000000011001000100000100101001000101001110000000000001000110000100101100111100001001001000
00011001000111110000110001000100010101110000110011000001111000011000010001000000000000101101000000110
01100110010000000010000011000000000000001010010001011000001111000000010011100010011111000001100010001
01000101000110000110000000110000111101111000011000000000100000000111000001000110000010010001010000011
01000010010000101000000000110000011000100001000010000000100110001000010011001000010000001000100000000
00011001000001100010000100001010000100110000001001000000001010001010101000110000000000111001000000110
00100000000000000000100001100100001000011110000000001110010100010000000100001000001100000101100101100
01010100000000100100000110100101000011001101001000101110000100000000011001011010000010100100010010110
10001000110010010000001000101001101101000001001110000001100101111000110001000100101001010000000001000
10000100010000000010000001100001010000001001010000101010100000100010000000011100000101100100000101100
0010101101011100001001010000001100000000100001010011000000000000100000010000010010101010000010000011G
