S1110001100100100000001100000010110000000100000010010000001100011000000100110000000101000000000000010
00000110100001000110010010010001010100100001000100000000000110100000000011010101001000000100111000100
00001010000010000000100000000110001001001100100110100000000000000001100000010100001000101000000100100
10001010110001000000000000001000000101110100000101011101100110000000101000000001111010010010010111100
00011000000000010100110110000000000000101110000000100010000110011000000110110000001000000000110000111
00000001000100101001101000001000110000000110000011101000001000010101100011000110011000000111001110000
01000000101100010010010000000000110100101000011010010000010100001011000000110000000100000000010011010
00000000110000100010011111000101000001010001001011000010110010010110001001000000001110000010001111100
00110101010000000100000000100101010010000010011100011010000010000110000000010000000000010000101001000
11110010000010011011000000010000110110010001100101000010110011001100001010001100101000110111010101100
10001010000000101000000001000000011100001011010010100010001101000110010010010100111100100010100101000
10001100000000000011000000011010001010000000001001100000000011010000100000000010000000000000010100000
10100100010000011010000110000001000001000100000000100000010110110101011010010000001000011011011010011
00000000001001100100000100000101000110011001000111000000000010001010010110110000001010100110011000101
10000011100011011000011000001000011000010011010001100000010001000010010000011111000001010001000100100
11110000010000011000010100101101001001000010010011010000001000110100000000000100110100001001000100010
00101000100000100000000010010001001011010010000000100001010000100100100010001100010000000000100000001
01100100000000000110000001010000000000000100010000000100000001100100100000001010001110010011000001010
01000111001010010100001100101000000000000001000010000010001010100010000110001000001000000001000000010
00001000010101001000010100000101001000000000001000000010101001001101101000000100000010000000100000001
10011000000001000111001110001010000000011000001000000110000001110000000101000100000000001000000001010
10100011000100100000000000000100000011000101000101010000100001110001001010011000101000000110000010100
00110100100100100111010010000000000100100000110010000001001000000000110011100000010101110001000010000
00001000000000000010000100011101110100100000001110001100110110000000010100000010000100001000000001000
00001100100000000111101111001001000000001011000101010000011000110010011000000110000000000000001010110
00100101001100101000100001000011000100000001001000010000100000000101100111100000001010010011000101001
01100010000010110000001011001001011000110000010100100110001110110100011011100010000010000000000010100
00100000000100000100110010011000110001010100111001011000001000000010100001001110000101010001000100000
10110100101000010100000000000010101011100010000110001000000101110011010100110001000000000110110000100
00000000000100001000000001100100101010001100001000011100100011010000000010011000000100100000010011000
11001101001111001010110101001010011010001000100011110000001000001011010000000001000000001110010000101
11000011010000110011001011000000101000010100010001000000001001100010000000000110010000101011000000000
00010111000000010000000010100010010010110000100101000000000010100101000100100001010100011110000000101
01000000010000000001001010000010000101011000001001100000110001000000001100001101000001000000010100100
10000010100111000000010001100011101000000101100110001000000010000100000010110000000110000101011011001
00110001010001001000001100000111010000100100010011010011000011100000000101000100001100000000011010010
10110000001000000011000000001000010001000100101000000000100100010000011001100100101011001100000010001
10000011100000010100000000010100001011101010010001100001000010000101100001010101111000010100110000001
00000000000000000011110111000001010100101000010000001001001110001010000010000001000101000001101100001
00010000000000000000001010110010010100010110011001001011010001101000110010000001110100100010001001110
01111001000000101000010100011010010010101001001001011001000010010010000011000101100001100001000000100
00001010100010000101100001000001000001001100000110100010010000000001000000000000000000100000100001000
00000000000100100100000000000101100000010001010000001010010000100100000100111010000000000000110000001
00101100000010000000010000010010100000000110001110000010001011001001000000000100111100101110101000000
11100000001001100001110101010000011000001001111001001101000000110011100000000000011000000000000100100
00001010000001010011010000000100000000000000000101000000110010110000000010101000010101000000010100000
00001100001010110000110001000101000000100100000000101001001000010000001100011001101000010100010000000
00001000111000100000000100000110000000001010100001000001010101110000010001000001000100001010000000101
00000000000100000001111000000000101000101101110000000100001000101111010011001110111010010001011010010
10000000000110010000000011101000000001100011100100100000000010001000100001100000101100101100100001000
00110000010101000000110000100010001000000100000010010000001000101001101000100100100000000110100010101
00101110000100000000010100000000001110010000010100001010000000000110100001000001011000101001100110000
10000101001010000000000010100000000000101001000110001010100100000000101000000001100000010000000001100
01010000001000001001000010000000110000000000100100000001011000010101000110101101000011010000101111101
01000000100010000110000000001101100000101001111010011000001110110001001101101001100000100111101000011
00000100010000001100000010000100011100011110000010000111011000010001010000000000000000000000011110000
00000000001010011001110000110000011000000000100000000001000010000010000000000000010000100100001000110
10101000100100000000110000100001000000111100011100100100000000000001010000110000001100000101000110000
01000100000100000010000000001000001000101000011101100010001010010111000100010001000000000100100011000
10000101111000000101001000000100000000000000101000100100100000100000000010100101010000000101000100000
10000100101101001110000110000001010010010110100100001001110100101110010010000100100101000100000101001
10100000100010010001000101101001011001000010000000000100001000011011000000000000000010000111000101000
00000000001001000100001001001010000101000001000010000110001000100001100001000001001000100110000010000
11010100000100100010111110000010110000100100001101110001000011010000000001000000010111000010101010000
00010000111000000001100001001100000010000000101111010011000010100101100100110010000101011110010100000
01010010010000010001010010101001110010000001101000000100001110010110100000010011110001000001011111010
00000011011001100001100010110101011000001010000000000000101001000000100000010010100101010010000001011
10001001000000001111000111000001010111001001000101000000100000010001110100100001000010000110010011000
00110100010001000010000000010000000001000110101110010101001000000011001000100001000111011010001010010
01101001001001001010000111100100011000001010000000100100001110100000010110000100010100110010000001001
00100110010000010000001000110000010110000100010100100100001110000000100001101011100100010001001011110
00001001001100000000001010010000100000001010000001000000101000000000100000110010101111100000000000001
00000000001110100000100000000010110111100000100000100000010011100000001100100010000011000111010000000
00000000110000000100001010010000001001010100000110000000000000100000010010101110001000100001100100000
00000000100011000010111000000011000000100011000010000110101000000000100000010000000101000000000001000
01000001100011010010011000001101000001000000001110010101010110111101000000010110011010011000001110000
00000100010100000100000001000000010000110110100010010000010000001001010101010011001100110011100001110
00100001000101001010000010001010011010000000010001000000000001000011001010000001100100100010001000010
11100010000100110110000000010100010000000010010010010100011100101010000010100100110000000000110101100
00100010001001000100010000000000101000001000000000011000100010001100000010000000101000110000110010000
10101100101000010100000000001001000001000000010001001010100000100111100111000100001110001000001010010
01000110000011001100001101000001001001100000110010010010110000001110110101011010100000101000000110000
10100101100001000001000001000000000111010000011010100001001110000000000000101000000110011000001000110
10000000000000001000000001100101101000100010010000011010000001001000000100110000000000010000010110110
01100000010100000001000000000001010000011011000000101010000100000000000010000101001010101000110011000
10001011000100001100001001110000110001100000010100000000011010011100101000100000100000000010101000000
10011000001001000101000001000010101010000010110100000100000000000000001000100000001001101000001010110
00000101000111110011010010000000000100010000010011100001001101100000010001100100001001001010110110000
01000100000000001100000000000011011001100000000100000011000100000100000011011001000000001110001000100
00000001110000001010110010001101011011110100001010000000010000011100000000011100101101000010001100100
00010001001001010010000000001000100000001100001101101000001101100000111001010001000000000000100110111
11101100011110010000010000000100001001000000001001011010001010000001001001001001001100100001100110100
00000110100000001010100101000000111010010100000001101000101000001000011010011011000000001001010001000
01001010100000000111011010100000101000000100000100000100010100000000001010100011000010100010110111110
01001111100010001100000101010001100000001000011000001000100000000000000010010000000001001000000010001
01001100000000001011101101000010101011110110000000101010000101001100100110111100001000010001100000000
10100000000000000001000000010010001100010001110010010111000001000000100110100010001011000000000010000
00000100001000000100000101010000100000011110011101100000100010100000000110001100000000100001000000010
00100010000001010100010000011000110000100001100010100010101001000000110000000100111000001001100100100
00010100001000101000010000110001001000000101100000000100001010010010101101101100110001000000000101000
1101101010000010010001010100110110000001100101000010010011000111000000100100000010000000110100110110G
