S0000001000011000000110000110100001010011000000010100100000110001001000010011000100100100010010111000
01011100000001000000010110000001111010000000000001010011110110100010100001001000001000000000010000000
00001010010000000100000010011001011000000011000000100000100000100011010001100100001000000101001101010
00000000100001001001100001001000100100001010000100011100100000001000001010000100000000100101000010000
00010001101101000100000011001000110100000101111000100000101110001000100100110000101000010011000001000
10000000000011101100001110000010000000000000000010000010000000111000001000010001010000100001110111000
00000000001000000010111000011000110001100001111001000010010001100001011000000001110001110001001100000
00100010001000110000000000100011000000100000000000101000000000100001001101000000010010000001010100000
00000010000000000000010001000000000010001000000001010110000000110010000001000010010000001000101000100
01101010001010001100000000100000001010110000101001110000010000000100010001111100001001110011000110000
00011011000100100000010001010100010000010100000010000000000000101010111000000000110010000000100000000
00000110011010000001010000001000111000100001000000000010000000000011000001000010000011000000100001010
00111000100101000000100001010111001010000000000100100000000000000000000010000000100101101000000000110
00100010000000000010000000010101100000110001110001000000010100010001000000100010010000000010000100000
00000000010000001010010101000001100011011010000000010100100001011000010001000110100011010100110000010
11011001010001010001110000010001000000010110000000010000010010011100010110100000010100001010011000000
10100011001010000100011011010100110100000000100111000101001010000001000101100000001000000010010001000
00000000010001001000010100000101011000110001100001010011111000110100000110100000000000010000010100100
00101100111000010100010000010000000000010100001100100010011011010001000000011000101001000000000010000
10000101100000100000000000000000100100010000000000000110000000010000000100001110010000101001001001000
00010000010000101000011010001100100000000000100010000000100000011001100110001000011100011010101001000
10010000100000001101000011110100001000000100010000100001100000010000000000100000010000001101010000001
00001000001100001000100000110000000010010000011001001000100010000100001001001100011110010010110001011
00000100010101000001001100011000111010100000000000001110000100000100001001100010010000000001100101010
10000100100000000110001001100000000011000100010001010000000011100000001001001000010000000100000000000
01001000000011000000100001000111100000100001110001010000010011100000100000000000010110110101010101001
10001100000000000100000110001001010000110001100110000001101000110001100000110101000110010000000111001
01010100000000000101011110111001100000000010010011001100000101100100100000100101000101001000010100100
00001110100010011000110001100110000000000000000000000011010010100001011101000010010000000000010110011
00000010000011000001010000001000011010000011001001011000001010010000010010000010010001001000000111011
01001010011000000000010000100010110000100000100110100000000000000000111110000000001001100100000100010
00100100000011101000001010010001011100000001011000000000000000000000000100011001001000000001000010000
00000010100000011010100100000000000010110000000000000110010000001000110010101001100000101001000011010
01011100110010000000100011000010111000100000000000111000010010001011000010000111011100000110010100000
10000000000000010000010001100011100000000001010100011010000000001000000000100100010010001110011000010
00011000101010001101110100001100101100101100000100001000100001000000100010010000011101101010001100001
10000001000100010000001000000100010000000111110010010100000101010000000001001101010010000000101000010
00001000100100000010100000000101011100000001101110000010110100110010101110100000010000100000000100010
10110000100101100000101100000110000100000100100001000100000100010000101001011000000001100001000001010
01000000010001011001001000100000100110100101000100100001000001011000100000011000100000110111001010000
00000100001100100000110010010000000000000001110000110000100000001000000010000001100000101001010100011
00100010100000000100001001100100000000011001100000001000010010010001111010000001110000010011010100000
00000010001110000111001001001000000000100011000000001100010000000000000000010001011100100010000001000
00000001000010101010000010101010001100000000010000000000000001011011000011000001000010001001010001110
10100111000001100000000000001001010100010010001000001001010000000000000010000000001001000101101001000
00000000011101101000001010100001001101100011010011001000110000011000000001010010000010100101000100000
10100110101001010100011100000101000111101000001000001100011000000110010100000101011100100011011111100
00011000101100101001000000010010000000110001001010010000000011100001000001000000101011010000010010001
01100100000010000110001100010000000000000101000100011000010000011000001100000100100000110100000000000
00010001000100000000001010000011000000010011010100100001000010000010001100010100000000000000000101010
10000010100100101000000000100000010000110000100001000110101000011110001000000000010000010000101010100
01100001001010010100011001110000100011000000100011100100110100001011101000000100111001000010000010000
10011010101100001001000001000000100010000100010001011010011100100000010101100111100000100000010001000
00000101000000011000000010000100000000011101100100011000000011000010011000110000000000010000101011001
11000000000110010111000110111101000010010100000101100000011000111000001010110000010100100010000001010
01001001000111010000110001000110000001011100101000100000100000010000100000000000000000000100001000000
01010111010001010011010000000101011010010101010010001101100000100000000001001000110110001101000100110
10000011000000000100000000000110111011100101000001010000100100000011000111000100000011000000000001000
00110010100010010000000000000101100000001011000000101100101001101010000101000000110001001001011111100
10101010011100000001001001000100000001001001010000100000100000100000000110000100010001000110001001010
10011000110000000000010110100000000011001000000100000011000001110001011010110010010001110010000000010
10100110001000011001100100110101000000011100000001110000000000000001000100001101110001100110000100000
00100100001001000000100000000101000000010100000101000000100010100010011100000000110100000010001110010
00011000000000100100011010010000000110001001100001000001010100001100100010001000000000101100100010001
00010000001101000001010000001001010101010010010100010001001001101101010011000010000001101110111011101
00000001000000000010100000000000001000000011010011010001000000000101110010101000000000010000000100000
10000000010101011100010000010000000001100000101010011011100001000000010110001100111001100001000000000
00010000001011001001000100000100010001011000001101101000000011000000000011011000100001000011100000000
01100001000010010101011100100000101100010000010010100100010000010000000010110010000101000110101011001
00001111110000001100100000000111000100000000001100110010000011000000000001100110001100001011110000000
00010000100000010000000001001001010001010000000010100000010000100000000000100000010001001000001000000
10000101000000010100001110110000000010000000000010011010100100001010011100011010100000100000001100000
00001010001000000011010110011000000100000101100000000010000101000110100000000001010000000100010111000
11000001001011101000110000011001000001010001001000010000010001010000011010101010101001110001000000000
01001011010001010000001000000000000000011001101100011100100101011011000000100110000010011001000101001
00110001110000000110000001001010000000010000000000001001000000100000101000111100010010000011000100110
00001000010100000010010111000001011110001001010000001100000100000111000101000000010010101000001000010
00000000000001011000000000010000000001101000000000100000110100001010000111000100101000110001101000000
01001001010100100000000100001101000001001000010110101101000010011001000000001011000000000001100000010
10000010000000111000001010100001111100000000101101001011011000000110000000000010100001010000110010000
00111010000000110000010011101000100000100100010000000100100011100100010000011000000100000000011100101
01000000000001001101010001100000101000010010001001010010110100001110100011100000100001000000011101001
11111011010000001011001110011001001110010001100000001000101111010000000000010001000001110000000010101
10000001000000010000000000011010000000000000000010010100100001101000001001000100100000000000000000000
00101000011000101110001000110000010111100001000000100100100100101001011101101000000000011000000100000
10010000000110110001001000010010010100001101100110101010100100000100010010000001001010000000010000000
00010010100000100000010000000010000000001001100000000010000000001100010000001111000010000100101000010
00111000101000100100010100001000010000000011000101000000000000100010000010000100000000100000000000100
01000100101001001000100000010010101000000011011001010001100111000011110100000000000010101110101010110
00000000101011010100010000010011110000100001100000001000001000100000010001001011000000000110101010000
00010010000000000001001010100010001000000100000101001101100100111010010000000001000010000101001010000
11001000000101100001110001010000000000010101000100000000001001000100010000010010011001010100100000110
00101001000110000000100000000000000000101100110010001000010000001000110000010001100000000000000000011
00100000010001101001000010000100000000000011011010011010100000000010000100100100001000001000000100001
10110100000100110010000110100101001000000001000001001000000000000000100001100000000000000001011100010
00000000010001000101000000000001000000000001010010000000101100010100101000000101001110100001010001001
00100100100100001011100000011100001000110110001010110010000110010110000011111000110010000001110000000
00001001000100000110100010011100111001001000100000000000000001000000000010000010000000100010010100010
10001001000000010000000000010000001100000101011010001000110110000001101000111101001011001010000000010
00101000011010000100011110000001000001001111100001100000110010010010101010010000110000101100100010000
0100000101001100000010110001000100000010010000000011000110011001110101000000011000011010101001110001G
