S1000000000000000110000000001010010100000100010010101000000100100001000000001000100000000110110000100
00100100010010100000100110000000011011110100100011000000010011010010011010010100100000001001000010011
10000001000000100000000001001100010000000000100001000001101100001110000010001101010000001100001110000
00010101011010110000010010000101010000001010010001011000000100001000011111111010110000001011000001000
00000000101110001011010101111000010000000100100101010101100000100001100000100100101000000101100000000
00000101000001000000100100000100011101010001011010010001100101000010000001010100001000000001110001000
10000001101000010011101011000000001010110100010000000100010000000101001100100000011000000110000011001
01010000001000010100010101100010000000001010101000001000100000000011000000001100101111001001100100100
10010101100000100001010010110010100000000011000000100111010100010001010100001000010100110000000010111
00110100000000000000110010000000000000001000000001000011010000000000010000100101001010010010100000010
10011001100010100111100010000001001000101000010000100100000000000000001000100100111010000000010001001
00010000111110011000100001001000000001100001100100000001000000000110000100000100000000010000101000100
10000101010100010010001101001101100011100101001100100100010110001100100000001100100010000000000000000
00100011100000000000100000100000001001100000110010000010000001101100000011000100100000100000000000001
00100010101101000000000001000001100010000100100000100000100001010100000101100010011000001101000100000
00110000110010100001111010010111001100000101000001110010001001100000110001100110000000111010100110111
01001000010010010000000000010101010000000000001100010110000111000110001100001001110001101000010000001
00000000001000000000000100000010100101010101000000000000000000000000000000001000000001111010010100010
11010010010000000000100010110001001000010000000010000000001110000100000010100000000000001110000010100
11100010000000100000000100010001010100011100100101101001111100001100010001000101011101100000000000000
00000110100110000000010000000000000000000100010110001000000000000010010001001001000001010000100100100
01001000000100110000111110010001100010010000000011000100101000000000101000100001110010000010000000010
10001000000000000101000000001100001000000000000001110110010010000100001011100011011010000010000011110
10100000011100100100001000110000100000010100110000100001000110110000000001100101000000100101000010000
01000000000010110101000100000100000001000000000101000000011000010000010110111100101101110000010000000
10000001010100100000000001000100100000100001011110110000100000010011011100000101000101000000011000001
01110000000100010001010000001010010101100001000001000100101010000010010100110100011000101100001011101
00010001000000011000011100011000000010011000011000000000010000100010100011000000100000001100010110101
00001010100011000001100010010000100001001100100110011000000000001011011001000001010100111011100101000
01000000001000000001000001000100000101000100000000000000100101000000110000000100001000100000001100100
00011111001100000001000100000010101000000000100010100011000010010001010100101000000110000100000001100
00000000000100111100001001000101001111000000101000000000010010000000010000001010010100001011000101110
01010000000001000011010100001000000000010000001000001000010001010000010100100101000101010010000000110
00110001000010010100000000000000100100000010110101010100010000011000100000010101010000010110010110011
00000100010000011000010110010000000010010011010001000011101000110010001001101000100000100100110100000
01001000010010000100000100011000000011110110000110010000000001001001001000000001000111001011110000001
00100001100000100011100100010000100010001100000110110101000001111000101010010000101010001101010100101
10011000100010110100000100000010011001100101001011100001110011000110000000011001010000000001000101001
10000011110000010100010011000010010001010111001000010000000000111100001001010000110100010000011011000
01001110000010100111001011010010111000011100100011100001001100010110000010010010100001101110001000010
00100010100010000110000101000010010100101000000001100000000000000111001000000001000000000000101010110
01001011100101001010011111000000010000100001000111101001001110110000100010000010100110000110100000000
11010100001001110101010101001010100000000101011000001001000011000001000000101001001100100001100000000
10100001100000100000100010000111001001100101010010001100001110100001000010000000010010011000000001000
00011010000001000010000001000000000110010110000010100100000000110101010000111100000001111001100110010
10010100001001001110001001110101111000100000000010011000100001001000100101000000001100000000000010000
10011001001000000101010000000000100011010101000011011000100010000100011000000001001100000101010000100
00011000100100000110011001100000100111000001000000000001000000100100100110001000000000100011011000011
00000100110000110000001101000100111000000001110000100000110010000010111100000011000001000100000000100
00101001010100011101000110001000000100100011000000000100000010001011000110001000000111000101011100001
10001011110000001010000000101010001000001010000010101100000000000101000000000000000110001010011001101
01000100000100000101101110100000010110000000010000010100100010011010100001001000001000000011010000100
01000111101011101001011000011110000000100001000110000000001010011101100000000000110011001100000010000
00100100001101000010100010110000001011100010111000100011100001000000001011010000000000010010011101101
01011100111000000000000000010000010100100110001010100001001111000010001000001000001000000101000010001
01001000001100000100001100011000001000100011010001001011001000100010100000101100000010001100111001010
10000010010111001100010001011100011100001000000000111001100100010011001001010000010100000000010001100
00001001010010001010000000000000101010101000100000010110010101011011100000100010010000010010111100100
10011001100000000000100100110000110000100000000100001100010010101110001101000000011000010101100100010
01000000000000000000111011010000110001001000000000001000010110100010011010101100000010101101011101001
00001001000100000000101001010110000000000000000111011011011000011010110011001000000100000011000000000
10000000000010100101000000100100001000100100101101000111001000101010111000001100010100101000000100001
00010101000000011010101001100000010101000000001010000100000000000000100001000000000000000011001010101
10000110010001010100000110110001000000100101010000000000011001000001100000110010000000000000000000000
00001010001000110001000011010000111101000000000100101000000100000001001000001000001100100010000000000
00101010000001010110000000001000100010000001000000001001000111001111000000110011100000000011000010000
00110000000000001000010011000011001000000011000000000100100110000010000010101101100010010110011110010
00101000000001110001000000010001011001010010000100010111100101100100100000001000000101000010001100001
00010100010101000011011010000000100100001011110001010010010010110000001001110001010000010000101000101
10000001000100100001001100101000011000001000000000101010100000000010000000001001101000000110000000010
00000010000001011100011011010010100000000000011001001100100100000000101000000010101000110001000010100
01010011000001000010100100100010110110000000001000011000100111100001000010100101100000010000010001000
11000001100001000000010001000000101010010100000010000101010001010100000011100100000001000100111100011
01001000110001010011100000001010100000001100001001100010001101100000110000000111010000000010100100000
00000010000011010000001010010000000100000000010010000010000000100000100001110000010011100001011010000
11011000110010000000000011100010011100000000100100111011000000000100000100001110001010001000101010100
10000110001010001010000001000000001011010100001011001010000000010000000111001000000000010010001010000
00000000111000110100000010010001000100000000000110001100000011001001100101000100000000011011011000101
00000110010000100001100001010000110101000010110000110011000000000001010001100000110000000001001010000
00000011110101011110000101001000100001000011011100001000010000100111100011000110000111101001011000010
00110001100101000000001100000000000000000001000001000000111001010100001010011000001101110011100010000
00001100110001001011101010100001100000110000101001010001100100000000111100110011000010110100000000001
01000101011011000100110000000000000000000001000000000010000000001000000000100000010100001001100100001
00000000001000100000100000000000010000000000001101100110100010000101111100001110010000010000101010010
10010100000111100001111010110101000010111001100000110101000000000001000000111010100011000000110000110
10010001010000000100010000001000000000110001011110010000011000000010000101100101001000000010000001001
10110010001010100010000001000000010000000001101010000000110011000000100001111001101001100010000000001
01000100010001000100000011010101000000010000000110001101010010000101000000000011110001110101011000101
00010100000110001101010000110001100000100100011000010010101000000001001001100011100100000000001011000
00001100000110010100010000010101000010000000000000001010011100101000000101000010100001010110110011000
11000000010000001110000000001000000010011000001010001001000010000001000010111000010001001100110000100
11000001001000000010111000000000001011000001010100000001100000000010101000011000101011000001000101000
00100010111100010010010100010000000110001100101010000110001000111000110000000000000000000001100001000
01001001010001000000010100000000001001000101001001110000000100000000110010001000000000001100100100000
00000000111000000101100000001000000010110001011101000101010010001000111010100100000001000000100000001
10010001000000001100100000000000001100000001100000010100000000010100100001010000000001010101100100110
10011100110100000001000010100000000100001010110001101000100001100101010010011000010000000011000001010
00010100001001000000100000100000010000010001000111010100010010000010010000000000000001101111001000010
10100011011010101000010001010000000011001100100000010010110100000000010000010001000100000000011000111
01000100001110000011000000100111100000000000101000000000001000000000100001110000000001000010010000100
0000010000110001010100011000010010000010010010011000110010100000000001010000010100110001010111000000G
