S0010100001000010001101010000011000001000010001001000010000010000001100101000011001000110100000000000
00010011000100010111010110110110000000101000100000100000100000000010001011100000000001000100000000000
10011000000001010000100001100000000000100000000010001000100100010000010100010000000000101100000000000
10001100000000001110010010100001010001001001010100100000000000001001000000001100010010010110000000000
00010100100000010001000001101110010110000100100001110100100010001000010000010010100000000010000000000
00001101010100001110000001010100001010111011100000010000000110111010101010000000001010110010000000000
00100010000010010010011001000010100100000000111010111100110010100100000000110011100000100001000000000
10000000000100000001000000100100001000100011001011000001010101010100110100001000000000101110100110101
11010100100000000111100001000100001000001111000000000001010010001011000000000010110100100001101001010
00000001110001000001000011000100010110100111000000011101010010000000010100100110000000101010010100000
11000100000010100000000100110010000000000011010111000100010001101001100000110011000000111010110001000
10011000100101000100001000001010101100000101000000001010001100101110010001100001000000010000000100010
00000010010000000000000001111010011011000000001100011000010000100100000001000001011100100000011001010
00110111000001000000010010000110000001000110000000110001101000000110110000100011000011101000001010001
01000000010100101000000001000010000100000001110101100000000001110000001001000101110001011010101000000
00011000111101000001110000101010000000100000001001001000110000000000000000010000000010100000001001010
00000011100001000101100110000010100010111101001100001000000010110001001001100110001000111000110100001
01010011010100001001001000000101010010001010000111000000000110000100110010010100001010100101111001001
00001010000000001110001001010010011110100110010010001001010011001000010100101001001100101000000010110
00100100000101111100000001100000001001000101110000000101001010000000000000010010000101000000000100001
00000101011100001010010001011001110100101010100000001000100001010000100001001001101001000100000010000
00100101001100110000010001000000110001010110010101000111000010000110000011010000100100010100010101001
01000001000001000111110110000001010000010010000111000010010100000001101100111000100111001000100000100
10100001111000000100001010000010000110011001001011011000000101010000010111001010100100100001010100000
00001011001010000010000100101000010010001110010000011000000000100010001010011000000010000001100100010
01000001000000000100100111000000000000010001000110110110001000010001011001000100010110001010000000110
10010010000000100001001001000110000000101000001100001110001100001000000001010001000000000001001100000
00000010000001001010100010101011110011001000000000100000110001100000100000001001100000000100100000101
00010010000000000100000000100100000001000000001001000000100100000000000000011110000101011101010000000
11000111100000001000010000000110000001000100010100111011000010010010000001000010000001101010000000001
01000010100100101100000101100010001101010100101000010100100000111010100110001010111000000110011001000
00100000010110000100000010000011110001010010110100011000001000001001000000100110001110111100000000000
11110110000010000111001011011000010000000000000101001011010010010010000000000000011101010101100000000
00000000000001000000000000000000000100101000000100011100000101000001000010100010100000100100011101111
00000010011001100100000101000100000110011011100111000100000100000111011010010000000000010000101001001
01010001100000011000001100000000010000011001100010000100010010001000001010000000101100000001101001010
10110000111010100000110000110010101100010000000000101000101000100000000100101100000110100000000001110
00000101100011010101010001000000100010000000001101110000100111010101000011110010001010010011100000100
10101011011001000101011100111000000000000000100000010101010100010000010001000100000000100000110000101
10110000100111000001101000000101010110100001000100000100100010010100001101000000010011000101001000010
00100000000001000101001011000000011000001100000101101010000111000000100001000000100000110111100000100
01000111100011100110011000011001100000000010110001100000010100100101000010000001001010000000110001000
00000001000001011010001000100000000101001010000000011010101100000011111001101000000010000000011100100
00000000110111100100000100100001011000010000100100001001100010010000110010100000000000011000000010000
11000000010000000010001001001000000000011010000110000001001100101011011000000000100100010110000100000
00100000000010000000100000110000000000010000000010000100100001000001000010000000000010010000101000010
00100101010000100001100010001010100000101100000001010001010001110010001000111010010010011011001110000
00010000001011100000001001000001000010000110001000100001010100000001000000000000001110100010110001011
00101100000000010000001000000000000100010010100000001001110101100000000000010001000011000001000110010
00100000011011001010011000000100100001000010001111111000010011000000000000000000101000011100000010111
00100000001010000011010001001011010010101010001100000000000000000100000010000011011001100000001100010
11000000000001101010110000110101010000011100010000110000000110000011100100000110000001000010101011000
00010100011010010100000000101010001110010010110010000001101011000000101000001000000001110100010110100
10010000100001000000000001100000100000010001110111000000001001011001011000010101101000010001100101100
10010010000100101010101100000000100100001010000000000000001011000101100000010101101001001110000000110
01101101010000000000001110111000110000010011000010010010000000001001000010110000110000000001001001100
10000001000001000100000010000000100101110100000100000000010100001111000000010000000100000011001011110
00000000000000010111011000101100101010001000000011100100110100010010001001001000000011100001100111000
10011011100000100101000010000101101000000101110100011000000100100110010011000100101000000011010100010
10010001000000100101110101001000010111001010010000101001000101010000101000111000000000000000011100010
01010001000101001000100100100000000001000101110000010011110000010000100100000011100001011110000001001
10110111100011111001001010010000010100000110000010000100010010110000100000000000000110010111000000001
01000000000111011000100000010001000100000100100110001011010101100101000000000000000000101000100011110
01000100000010000000010100010000100101010000100001010010011010101000100101000100001010010110000000110
00100001101000000000110001101000001100011110110010000000001010010011000100001000100011000010000101001
01000101100000000001001110010101110000001001011010001000010100000100110011100111000000000100010000100
00000010001100101000001000010010000010010100100001000000010000010001010000001000010010010000100000001
00100101001100010000001110010010100100000010100010011000000010010110101101000101101010011000000100000
00100010000000110111101011000011000011000000001000001010000000010000011011011011101000100001000010100
00010001000000010100111011011001010010000010110010101000010010100000010100000110110111000000101001010
01111000000100110110100000100001000100001001000100000000000000001110000111110100001011001100010000101
11010000000000111001101000001000000000000100000100010001011010010101010100000011000010100000000000101
00100010001101000001100010100000000000000011000111010001001101000100011101000001011001100001010000000
00011001011000100000101110010100000011110000100101000100100110100010000100011000000000011010000000010
00101010001110010101100001011001010001000000000010110010000010000101110000101000000100100001001110000
10000000001110000010000001100000111000000011000001101001100101000100000110000001110010011010001000100
01000010001011010000100000001100101000110010100101000001001011010110110001101000000001001001100101010
00001000010000000010110000001100000000111000000110110100001000000000101011000001110110001000000010100
00100101100010100011000000011000010010000011000100000010001000001000100101010000100101110100010100001
10000000000000010010101111000001110000100000000010000100000010100010101010001001111000000000010010011
01111100001010011101000000000100101111011101100000101000000000000000100000010101010000010000010001101
00000100001011010011010100000100110100001110000010101010001000000011001001001000010011001100100110000
00000100101000110010011000001010000011100001000010101000000100001100100001000010010001010000000010000
00000100000100100101001100100010100010100000110111010000000111000101000100000000010100111010000000010
00000100000000000010001000100010000011001000011100000001000010000100000011010010000100000011100110001
00000100100110001000000100111000100010000010001000000010010110000011001000000000000101100011001011100
00001100110001001111010100110000100011100110100010000101101010010000000010000010000010110011011000101
00010000001000011011100000000000010100110010000000000000000111101010000000001011110000000010000110010
00100000101000101100101100000010000011010111100011010000000011111000100000010100000100000100010000101
01110000000011000000100010000000000100100101100010010000100101100000110100000100001100101000000000001
10001101100010001000010100100010100100010000100110001110000010010000001010100101100100000000101010000
00100000011011001010110010001001110100010010100000010001000000100000000010011001000111000110001000011
00001001111111001010001010000100001100111110100000110011101110000110111000010000010110000001000000100
00010000000010001000110011001000000100101100001000100000100001101000000011010110010010000100000001000
10001001101001000011001000100010010000000100000000000100010011001110001000110101000100000100000100000
00100000000000000100000001011110011010000000001110110110000110001100000011000001001000001010111001000
10010101000011000011001011100100100110011100100100010010010100001000111000000010000011001000000000011
00100010011001000010100000001000000000000000000100000000000000001110110011000101101100000001000110000
00010100101010111010011100001001011001100010011000110000100001010000000010001011000111100110111000000
10010001000100001100000011000110000010010000001000011000101010010000000001000000000100000101000111010
0000010000100000000000001000010001000000000000000101010100001000100101001000001100101001010000001001G
