S0010001010000101111011000001001000001000000010000001000000101010001100101001000000001000101000100000
01000100110010110000100110010011011011010010011000010000001000110000100100101010001110001010000010101
00000011000000000110000101011001101000010000010100100000011010000010101001000110101010000100011001000
00010000110000000100101101101101001000011001000011110000010000101010110000010100001110100111010000100
00001000101100100010110000100001000001010100100000000000000100001010000000000010000001000000001010100
00110000000001010010000010110101000000001000010100101000101010001001010000001010100010010001100110000
01010011110110101000100100010000110000100100000000001110100000110101100010100001000010001111101000100
01001000000000001010011000010000101011000000000000100000011010011100010010000000000001100010110001010
01001010100001000100111001000100100100000111000010101000110000000110100100010100010100110010011000101
10010101010111100000100000000011100100100100100000100000000010001100011100001010010100100000100000000
10110000010001000001000000001000001010000011000010001000000001100101000000110010000001101100100100001
01000000010001000001100011001010000000000010011011001010000001100010011000000001010000010000001001010
01111100010000100001110110000010001000111000100000110001011000101000000001000000001011100010100000100
01010001000001001001110001001100010100001101000011001001000100001001100000010010100101010000100001000
00000100110000011000111100000100011001000100000001011100000000001110000000100100010100011011101001000
00100000110110010101000000010011100000010010000010100010000100000001000100001101000000100000000110100
01100110000000011010010100000110010000110001100000000011010011010010000001010100111001000010011010010
10000001100111000110000011110110000100000100000100000110100000110000000000000000001000010100000010001
10010001000101001010000000100011000000010000000010100000001100010000010000000111001000010100001010001
11011100001001100010010000010101010001000001000010000011000000010000000000000010000000101000000000001
00100001000001000101101000000010001000110011000001100010010011110000001010010110000000001000010101000
00010110010000000101000000010100000010010100000101111011000010001000000010001010011100000110000110000
00001111101001001010000001101000100010000000101011001000100000000010010100001100010110010000011001010
00000000000100100001000010000000000000000010100101000000000000001001100001101010000011010000110001010
00000110000000101000001001001000100000011001000111100000000000000111000001111100110000001100001000100
11010000000000001000000110000100010010000110100000000001110001000011001001100000001110010010100010100
00011110100000010101100010101111001011100010010100110001000011011010100001100100000011011000100000110
00011110001000100010111010001001010001000011100001100000000010100100001100000010000000111011001100000
01100001010000100000110011110101000000001000100000000001000001011010111000111001000010001010110010011
11000100100000010100100100010100010001011000100000000110000011101111110000100000100100101101110000010
01000001001010100000101010100000000001100100101001000100010010000000001001110000000000100110001010100
10011011000101010010000101100101001110001000100000001111010000100001010100000001011100000010110010000
01001110010101010100001100000101000101010110011101000000010101000010100000100010100000011000010000100
00000000101110100000010001011000000010110100101001010000110000010001100000111100011000001010001101001
10100010000000011000111101011000100100100010101011000000100001010010010000000001001011110100001001001
10010110000000001001001000010010000000101010000001000000110000000100011100010000001010011100001010001
01110001010000011010011000010010000010000000110000000011010000000001101010010000000100000000000001000
11010010111001000101101000010010001011000100110000010100100000100001001000100010000000000001000000000
00010010000000101000110001010011101010001000000110010000000000001110110011100010000000000000000101000
00000001100100000100010100110000000010101110010000000001011011011010100001010010000100000001000001101
00010001101101010000001011010000100001000000100010001010101100000100000000001010010010011001000001000
11000001000011110000111101000011100000000010101010001000100100010011100100110000010111100001011100000
00010000100100001000010000000010100010000100000000001000101010100110010000010100000000100001001010000
10000000010100000000000001011000011000000101110001110010110110100010010010001100010001100000001000000
00001010000110010001000000000000100010001010000000001100000010000001100100100000111001000100010010100
10001111110111001001100101010000111010001001101100001001010001001001000000100100100000000100010100011
01011100000000000000000110000000100110001000101001010000001000110001001000011010001110110010010001010
01010000000100011000100000000110000010000111100011100000100010011001100100110000000010110000011101101
00101000100001010000011001000101001010100101001000001000010001001010001101000010010000101101110000001
00100000010100000000001100101001111010010001100100010111000000000101000000010000000001100000010110100
00011001100010110001000011010010000111001000100100100001011001000110010001000010011000101000001001010
01010000000001000100010010000001000010101010000100101000001010000000000000100000011010000100000001100
10100010000000000100010001001000110001011111100001000000110100101011010000010000000010000101000000001
00010000011100000000101110010111010110000000011010001110010010001001001010100100010011000110111010000
10001010000010001110011100000111000000100000111000001000010010100110000100100100111001001110000010011
10100011000101000000100010101000100101010101100000001100001100110001000000001010000110000100000001001
00100010000000000000001000100010000111000010010000001011000100000010100010111010000001100000000000010
01100000000010100010011000011000000001101110001011100110000100100010000100011010110000101000110111100
10011001100001110000001011110011000001001000010010010011000010101000000000100010000110000000000000100
01000000100000000010000001011100011010111011001010000010100100100000001000010000001010010000111000011
00000000000010010000011001100100010010010110000110000101010010001001000000001010100000110101000000000
00000100010101100101100000001100001100100000000100010001001001000101010101100100110110001100101110000
00000001001000010100000100000110110000100001000000000001010000000000110011001111000000110111111111101
00001100100000011000100100001000001000000000100100011110101000100010000000000001010111001000000001010
00010011000001110001010010000101100000100110110111101100000010001110100100000100101000100100100001000
00011000011000000111010000000010100000100001000100100000100000100001010101000001000000101000111001000
01000000000011000110010001101110111000101001001011000000000010101101001000000000001000110001000001101
10000100011010100101100100111011110110100000100011000110110000101100000100110100101000000010000110010
10011010001000000110100100001000101000100000100001010000010000011101000001100000000000001010010110010
10000000010010000010000000100010100011000000000010100110010000110001001010001001101010000010001101000
10000100100100010000001010111010010010110000100001010001100101001111001000000001100110000000000000000
10010000000110001111010000000000000000010111001110001100000000010000011010000000100011000000111100011
10000101010101000011110000000100001000000000000101100100000101100000011011011100011010000010010000000
01110000000100101100000001000011010000100100010110110001000000100000011001110000000000011001010000100
11101110001100000010000011100110001000011110001100000000001010010100001100100110100000101100000001001
00100010010001111101100000111100100111110000100000110000001000010000100101001001000001110010000000000
00000000011000010001110011001000010000000000000000000000001010000100100000100001100010000100000101011
10001000000111101101000000011000010000100000100000010010100000000001000110100101100100010101000001100
01100110010010100000010000011001001001001000010001000010010010100001001000000010001110000001010001100
10110100000000000001100001110010000011100010000010100100110101000100000101101100100000010111010010100
10010101000000100001001000011000110010001011111001001100000000000001001101001000110000100000001100011
01000010000001100001011010110000010101000010011010101010001001011001000000010011000000010000100100010
00000000100000001100001000110010010110010000100000001000100000100010001000100000000010010001100010000
01000110001011000000010001000010010011000010100101000111000010010000010000010100000000011100000000000
01100100001000000100000000010000000000001111100000000011000000010100110010010011111100100001010101010
11000000000000011100000001000000000000101100000100010111010010111000010101000000000100001001000100010
10000100001000100000000011010010000010110000010101000000001100001000000010100100001100010010001110000
01000001100101000011100001000011000010101001110001100011010001100100100110000100000000000000010000100
00000001010100001101101100001100000000010000001000000100001100001000010100000101001000000111011000110
10001001111000000000000101110001001100110010000000000000000000110110000011001001000100101011000000000
01000100000100001000010101110111100011001111010010000010000010110011000111110001010010110010110111000
00000001000100110000100001000010100000000000101000000001001110010101000000000000010100000000101000010
00111011001100010010001010001010000010100000110001000100000010100011100001000010011000101000000000000
00000001100001000100000001011100100000010000100100011010000000010110011010001000001010011010000010000
10001000011100010010011100100000000010000010000010111000010010000000100111001000011101100010110101101
01000110110010100001100001011111100000011110000001010000110000100001010001101001100000010001000000110
10010101010000000101100110000100000000001100000000101010001010100100110100001000110001000110101010100
10110001000000000100001010101001101100001011010000010100010000000001100000100100011010000101011010101
01100100000010000000000001010000010001101000000110010100010000000101000101001000010010010100100100000
00100000001010000001101100010000100010010000010000010011010000110000000000000110000000010001100000011
0010010010001010001001101100000100100001001000001000001010011110010110100000001010111011000000100000G
