S1000101010000110001000000100110000000000011001000101011001001000100010100010101011001010001110000010
01011100000100100010000000011000110101101111000000100011011001000000101000000010010000001100100000010
00110000001001000001011010000010000000000000100000100000000010110000000000000001000011000001001111000
01000000110001011001100011010001100101001000100000010000100101010010100010100011001000100001110000100
00010101100010000010010011010000011011110101000100101010110100100000111001011000000111000000100000000
00000001001000000000001100000001000100110001110001001101100100010000000000000011010100000000100111000
00000101000011000100010000000001010001000101000011000001110010100000110110011000000000001110000001000
00110101000000111000100011011010011011110001100101001000000010110100110011001000010000110010000100001
00011100110000000001011001000001000100000010000011001000101000000101110000010001001000100000000100110
00000000010001000000101100101000011010101000100000100001010000000000100000001010001001010110100111000
00100010000010100010000000111010110000000010100000010000010100000100100000000000000000000011111000010
10000100110000011101100001000001000000100000111001010011010000110100001010110000110001000010000110110
01101011001000000000001100100011100001000101010110000000010010110000000010000010000001000000001000011
00000001010010010000110000101010000000010010000101010001110000100100001000000011000000010000000011010
00100101111000001100000000110011000101011010000010101010001010101011100010101011000000000010100010010
11010000100010001100101010001011001001100000000101011000100001000010100000000101011000010000100000101
01001000000110000001010001011000000010000100000110000001100100010100010101011100010001110010101001101
00000001000001110101110000001000010000011000000001000001011000010100011010100010111111111010010000000
00010011001101010100101010101100011101100000100000000000000001011001011000010000100000001001010000100
00110111010000101100000011000000001010000001010001000001100010011000000111001000000000001010011010000
00010010110000100000011010000100000100010110000011000000000000000010100101100000000100000011100000100
00011000010010000000010010000000101100010101010010010111000001000000000000011000011000001000001100000
10011010000000001000100101100001100110010010000110010000010100000110000110011000110011111001000111000
10110011100000000001000000100000000100000100100001000001000000100110010010001110000100000001000000000
00010101110001000110100001001110000000001000010000000100000010000101100111000000001100000010100101010
00000001011010010001100100100100000000101110010011000110011010110001100001110001010001110010101010000
01100000011011010000101011100111100000000010011000000000000100010001010101001000001001001001000001010
00101000000101010000001100100001011010001100100001100001011011011101100100010010110100011000000001110
11001010000111001001111011010110000000001010100000010101000000110111101000001000000101000001100010001
00000000110000010100101010110100010000101101010000010000000100100000000110101010000001000000100101010
01010011010001001000001100101001010010010000001001000000000010011000010111010010011010011010000100100
10000001101010010010101000000010001001011110000111111110010110110101101001000001110000101000000110000
10100101011001011010110000000100001010000010001000000101110010001000100100000000000000010000111000000
01000001001000000000011100000010110101010000001001001100000000001010001010000000100001000000000100110
01101010100000000100000001001000000100110000000001111000110000001010001111000001101001010001001101101
10000010000100000101000011110000101000011010001000001001000100010000000100001110101010000001100010000
00101101001000011011000100010000011000010010101100100000010000000100000011100000101101010001000101000
00000100000000010110001110000001000010111111000000001001010000000010000011001011000011000101100000100
00000000100011000110100000000000100010000000100000001101000000101000010100000000000010010000100110000
01100010010100011001010010000000000000000000000100100010000010000000001110000100000000001011000000101
11000000001010010010000011010010011000010000010001001011100000100001000011000000101001000111001000001
10000000001000001000000011100001101000000000100010101000000000010000000101011100010101100110011010110
00000011100000100010010110011000100011110011001101000000011100001000100000000000000000001011001000000
01000000101000000000110001001000100000010000100100100101010001100110110000000001110000000100010101101
00010010010110001011000011100100010000010110110011001011010000001000000011100000001000010101100010101
10010100111001001101110000000000001100010000000000100001010111000001001110001100010000000100001010000
10001100010100000000101001000010001010000000010100101000100101001110000101000000001001001000011000000
10000000101000000010110000000100000110100001101001100000100010010001010000100000000111101000100100010
00010001000000000011011000001000001011001001000101001001000100000001000000100000000000101000000111010
10010001000010101010000010000011110001001001001000000101100000110010000011101000111010000000101100100
10100111001001000010000100000000000001000000011011010011000011001001000010100011100100101000000100000
00001001001011000001100010011000100010010000010001001101101001000110001101000000001010001001010000011
00000000011001000001110010100001010101001101000100100100110000011000000011101000001011000010000000001
00000100010110000011000100100000110001100000110000101000101010010010011010111100010100100101010100001
10000101100001100000010001110110000010010000101001000010000000001011100000100010000001000100000001000
00010101100001000010000000000101000010010100000110000100001000001100000001001000100000001100000110000
00000110010000000100001000001100001000000001110000000110000000011111101011000010000010101001011010001
00000010100110100010101000000000010000000000000000000011001011000000100000001000001000011000000010010
00001101000000001001100011010010001100001101011100001001010000000100011000100100000010000001000111100
00100000000000001000101001010001000011010010010010010000000000111000110011101100000011100000011101101
10111000100000100101001000000011100000001110000100100011001000000100000000100000110001000000110000100
00001000010010001011001000000000100010101010010011010010000100000010000010010010000000010001000010000
01000001000010010000010010010000000010010010101000010001000100100111100010000000000100001010001000100
10110110001000000001000000110001000010001100000100010010001110000000000100101110010101000000110001010
00001101000110100100100110100110001100000101011010001001010000000100011011000000100000000101101100100
01010011100000011000100001101101001000001000010101100010000100000100011011010101000110010000100010000
10100000001000110000101000001001001101100010100001110100000001111110101010000000010000010010000010100
01001010001000000001010011000100100010110010000010000000011101100011010100000000000011010011010000101
01110011011000100011000001001101100000010010000001000000111010010000000100000001000001010000110010000
00010000010100010000111011001011101111000001000000000111010001000000010110110100001100110000000111100
00100010000001111011101000000110001110001000001001001001100000101000110010001001010101000001110100000
00000010100001100001001010000001000001000001010100001100011101010101100111001111110111101010010011100
00010100000110000110000000010110110101000000000110100100001000111000000010000000101110100000100100000
00101100010001001011010010010000000000000000000110010101001010100100000101100000000000100101010101010
00000000000010110000000000001110011001100010000110001100101011000000000111000001100011001010100010000
01101101011001000000001110001001000001100000101000100110000011011110000000001011000001111111001100100
10010100000100101000000001100101010000110010010010000000001001001101100110001001100101010001000000000
00001000000000100010110101011110000000001100000000000010111000001011000100000100000000000001000010011
01110001000100010100001000011000010010010100000100001010001001001000010000000001011001000000011001001
10000000000100000001001010000000110001100000001010110000001000101000101001000100000000000010101111000
00010100010000101100010000000010110101011100101111110101100100010101100111010110010000011000010010000
01101100000011000000010100100001001101001000000000010000000011101001011001100100000101010101000100010
00001101011010100000010000100001001001000010000000101011000000011010010000001000101101111000110011000
01001010110000110111000000010000000001000100010011000011110001001001101000010000000000000100000000001
10011010101100101011101010000100011000010100000100011110000110000101000010010001101000010000000000000
00100001000101100100100001000000000011100001000110010000100010010000000000100110110010000000000000001
00000000110000001110010010100111001001100000100001010100100000010011011001010000010000011101000010100
10100010001001011000000101010000001100010010100000011001001000101001000100010110100001100001000000011
10000000011000010001101011100010000110101001010011100011110000100101011010010101100000010001100100100
00100011011001000001100000010110000100000011110101010001000000010000010011101100011000000100100000101
00000100000100011000000010000001000110001000000101011111000010000101101000000000000100010000000010000
11100001000010000000010000001000000000001001001000010000011000011000101100011100011100000001010000001
00001100001000000010100000010101110010000000001000111000110111010011000100100000000010001001001001010
01000010011011001110001010000001100100000000110100000000000000010010110000001000001000100000001000100
01000000000010000001010100101000000000011100000100000000000110001001001011010101000000101000001000010
10000001100100101010100110000010011100000111001001100001001010101100110000010000011001001101111001000
00100010000101000110011000100100101011000000011000000100100111101010011000110000001110000000000000000
10000110010100000100110010010000000010010101100010000100000100010011000000001000000000000000110001100
00000010000001110000001001001100111000000000000100000000000100001000010000010000100010000000100001100
00000101010001010011000010001001100000000000001101110000100000000001100111100000100110000000001000000
0001000001000010110001100011011010111000010000010000001000000100101001000000100100010100000001100011G
