S0011010001001001001000000100001000011100000010010000010000000000110000010000000100010100101100000001
00010001011011000000100000100110011000100000000000101000001011100011100011011111100000100100000000001
01000010011010000100010001010100010100010000010001000000001101000010001001010011100001000010001000010
00000000100000010000001000000000000010000001110011000001001100000000000100000011000101101000000100000
10110000000101011000000001100000001000011000001100100000000100011000010010101110010001001001100010010
10001000010000000001101000010010000010001000001011101010000010110100000000000000000001111000010111101
00100000111011001110110000100100110110011000000010000001000000000100000000010110000010010100000100100
00100110010100001010000000000100010100101001001001010010000011001000100001010000000101100111010110000
01011100000000010010000011010001110001110101000000100110111001000001000000000010100010000101001110100
10101011000000000100010100010000100100000111100010001010011000000001000001000010000100000110010000000
00000000100010001101100000100010101000001000011001011001001101100000100010011010010010100101000000000
00010010000100100101000010000000100100011000000000000110001000000001010011100010101010000000000001110
01000000000100000100100000101100100010000001100111000100000100000000100100010101001000001001101000010
11010000001000010010010100010000100000001000110000000100000100000010100010110000001001000101000011111
00011101000010001101000001100000011000001000110011000000001001010001000000000101110100001001010101000
00010010000011000000011010000010000010001000000000111010011010000010010000000001000000001001100001010
01100110000011100001000011000011100110100100001100000000100010010010000010100011100001001000100010100
00001000011000000100000100100110010000011101001001100100001000000111000010010001000000000100000100010
10001010001110100100000101101000101000000000110100111000010100000101010111000001100000010001010010100
01001011111010000101000000110100100000101000000000010100000001110011001100000010101111000000000000000
11010000100100000001110001011011000000010001100100111101001100001000010000000010001011000000100010000
00011000011001001010000000001010010000101000000011100000101111000011000000000001000000101110000101000
10010001000101010001001000010000010001000101001010100000000000000000001000000011000000100100000100000
01000010000000000100010100100111101001001010011101000010101100000000010100000100100000000000010001000
10000100000000100010100100000010111001001000000001111110110010000100111000010111001101010001010111001
10001101100101000010000000000100001000010000000001001011110000011100000100101000000000000011011011000
10100000000000000010100010111100000100011110000000000000000000001001100100010100000011000001001001011
00001010100100000101000100011000011000100000000001010001101110011010110000000010100001101100001000100
00000000011000100000000000000000101001001001000001000000001001011000010111000011001001111000000010100
01100011000010000011001010000000100000011100001100001001000100010111011010001001000011001001001000000
00001101000001001100000110000010001000100011001000010000001000001000000001100000000100001000100000000
01101010101000110000010000010010000110001000100010100000101101001011001100001110101011000100000100010
10001001000010011000010000000010000010010000000011100000000100100001000000000000000000001000000010000
10111001000100000011000010100000100001110111010001100000000000100011010010000010100001010000010110010
00110000000010000000010001001010010100000000011010001010010100000000110000000000101010101001100110000
10001001000000011000101101001000100010001111000010000000000000100000101000100000000000110010100001000
00100001000110000010000000101000011100001000001000001010100110011000001010100100011000100101000101111
01001000100001000010010000010101100100100001010000000000100010100010000000000100001010100000010001000
00001010100010000101010011010010000000101000001110010101100011000001000011000010000011000000000100100
00001000011100010001000000000000001000100000010001010001000000101001011000010110100000000000101000000
00100100010000100000000110100000110010010100000000001110000100001110110000000001101010000000000101000
00000001000000100000110100100100001001011101101010000001000010000101100101100001000100111111101000000
00100001000111001100100111000100000010100100000000001000000000010000101000000010110100000000000010000
01001000000010000100001100000011111110000001100000001001011001001000001001100001000110010001011100100
10101001000001000100001000000000010000001010000000110010011100000001100001001000110000001001000011010
00110101001100000000110000010000111000001000000000000100001100000100111110010100000011000110110100101
10000001100000100100110000000001100011000100110100010110000000101000011000100000110000101010001000000
01010100010100010010000010100110101000101000001010000000000010000010100001011001010011101100011000010
01100000101000001101011000110000000100000010000100010011000010010000110010000010010000100010001010100
01110000111000100100010000001011100100100100000000011110011011001100010100000010000010100100011000010
00000000000000000010000000001000100100111100010000000101001001100010001110010011010001000000010000010
01001000101000100100101101001100000000011010100100010010010000000100000011111010100100001001111000000
00011011101001100000010001100010000101000000000110001000011101100000000101000010100000110010100100000
00100000001001000000000000100111000000110100000000010000010010100100000110000000101010110000101010001
00000111000110001000001001011000011010010001010000111010000010100000000110000111000000000011000000011
00000010000000110100010010000100000101010000101101000000011101101000000001011010000000010001000110000
11110101010100000000000000011001000000110011000010000110010010000100101000110100011000000100010001111
01001000100011000001000110010100011001000001000000001100111010000000110001010101010010010000000110001
00001010100101000010010000011010001010110100001011000100100001010110001000100000000000010001001000011
01000100100010100011000100000110010100001110000010001001101000110010110100001000001010100001100001000
10000000011110010001100000001100001011001000000010100011000000000000100001111001110100001011100000100
10000100010100000010000101100000010101010100100000010111000100000000000110010000011000100100010100001
00010000000000110000000001111110000001001010000100000010000000000010010100110010011000000000000100001
00010100100000000100100000001001110010111000111110000000000001100000001001001000000001001011000000100
00010000000001110000010001100011110010000010001011000000000000100011001011000000000000000000101010100
01000000100011101011000100000000100010011001000000010100000011100001110011010001111100000110000110010
00100011001100001010000100110010011001000000011011111000001101001101101000000000000101001001000010000
10011010100000101101010010011010000000000101000001000000000000000101001000001010000000001000000000000
10100101000011101000010100000011000010000011001010100101011000100001001010001001001011100000100000110
00100100001011010001100010000001110001010110001100001011000010010100100010101110001001000000010100101
00100010000000000110000000110010100000000000000000010001000000100100010010000110000000010000001100100
01000100100000000000000101010000110000100101100011010010100011001100001001101010000000011000000000100
10000010000100000001000010001100000001011000000010000000100000101000100100000000000101011010100010000
00000100101100100000010000100000000000001000000000000000000000100000010010001100001000110000010000111
00011011001000010101000001000010110110100011000010100011000110000110000111000000111010000000001010101
00100010000010011100001100000100000001011000010001101100011110001100110001000100001000000001010100000
01001000001000000110000010011101010100100001000000111010000010000100001010010101010000000010110100000
00100010010100101110000101001011000110001001000100000001110000011001000010010010100000001101100000010
01101000011000010000001000000000111000110001110100001000101100100110011100000000101000000000010110100
10000010011001001000000110000000000010000000000000010000000100000100100110010000100000000000110001000
00000001011010001000000001110001000011110100100000100100000100010010010000000000000000101000100000010
00000000011000000100001100110000011000000100001010000010000100001000011000010000000000000010000100000
00000000000000100001100000011100000110100000000000111010101010001110100010010000000100001100010010010
00010000000000101101001010110000011000011010101000010001001100000011111100100100010100100001100101100
00000000111000000110101001000000100110011011001111000000000011000000000110001010000000010001011010001
01000100001100001101001100101010000100000001000100000000000000010100001000101011100000010011000010011
00100100100100110100000000100100000000000000010000001100001000000000010010011100101001000100000001000
00100001001010001101001011000001010100000011000001010100000001000001000100000000000011001101000100010
00000100110000000000001000100011000000110110001000000010001010000000100000000011010001000001000101001
00100010001100010000100101100000011000100000000101011101000011010000111000100000101101000001000110001
01100001010001010010000100110100100010011000110001000010111011000101010110000000000110000000110100000
10001110001000000100110000100110101100000000010001000000000011000011000000010000000100000001000100110
00101000000100000000101001000110001100000101110100011101001000001000000001101101000010000000000000011
00110001100001000001001000001000000100000000011000000011000100100010111000100000000100001000000100010
00011000010010000001000100000001001100100000011100001100100100101010100010000010110001011000111010001
01010011101100011001000001011100010010101000101100010100010000010100110110001100010000000011100010001
00100000001000000011001111000001000010010000000000000011100000100011110011110111000001110011010001110
00110000001000001010000100010100010000110100011010001001010000000000000100000010000001101000001000000
11001011010000000001001000001011001101000000000000001011001101010001100110010010010010000010110000000
00000110010000101001001011001000100010100100000000100110000000000000100000000011010000000010001000000
0000010010010000110000100010100100011000010011010110000000000000111101001011000001100010000010100000G
