S0010000000000000001010010100010000010001000001011000110010001000010111000000000001101010101001000000
00100000000001111000100100010010010001100000011000010010000000010100010100001100000010001011001000000
00101010010001011001001010001000000010010001101000000101100000100110100010101011101000100010100000111
10010000100000110001001010111001101000000000010101011010100100010010000000101110101100110010000110000
10001010110001101000000001000110000010101010111000001010000000101000010000100010010000000000110010001
00000101010000100000000010000001000000100001100001000000100010100101100010100110001010111000101000110
11000011001000100100010011000000011000001010000000001000100001111010000000011000000110010010001100001
00011000010000100000001010000000100100000001111100010000001100100000000000000000000000010100001100101
00110000000100110011000100011000000001000001100010000000010000000100110001101000001000000000000001000
10000010111001000001000001000001000010000110000100001100010000000101000000101000101000010000010111100
10110000000011000000000110000001001001001100001001001000100000000000000000001011010001001100001000100
01010100101011100000101100111011000111101001000010110001100010110000000001010000000100000000110000101
10000110001010101001100100100000001000000111000010100000001001010010111010000000001010110100100000010
10100100000000000110010000011111001000000100000010001110100001100100010101010101110000010000010000000
00100001011011100101101000011000100000000010100100001000010110111011011000000101000110000001011000000
11001000010011100000010000101010001010100001111000000001010011001011111010011000000011100001000100000
00000000000000001000010000101000100110000001000101100010100101000100001000000000001011100000000100000
00100000010000000100010110110000000111000100010000010000010011000000000000000011101010001001001001110
00100100000010000100000000000010100100000010110110010110001000000011100000110001000110100110000110001
00000100010010101000000000010010000010100100000110100001000000100000010001010000001000001101001001001
00000100000000100000011000100000110000001000010000000000010100100100000100110001110001010000001010100
11000000010100010000001000001100111000000110000000010000100011100101110000011000010100001010101000000
10100101100000000011100000010000000001000000010100101000001100000010001000011100100100000000000000000
00101010000010011110001000010000110100101001001000001100000110100001001100110000101000011000001000001
10010010110001001011100000001010010000010000001101100101100100010000000000000000011000000100110100001
00010000000010000000111001010100010000011000000000000011000000001011100000000000100000001001000000010
00011010011101100000010001010100010000010001000101100000000011001000100010000101011000001001000010110
01000110000000001000000100000100001000010000001001001000100011100001011001101010101000011000100101001
01100000010000000000001101100001011010000100100110100000010101010010100100110010010010100110010000010
10001000001110000000000101000000010000010000000011011000110010001100010111000110001011001010101001000
00010001000001001110010001011000010010100011000010000000000110010001010001000000101010000000001100000
11101000001001000011010000100101000100010001010000110110011000000000010000100001010000000010101000101
10001000000000010110110001010110001000101001000110101101100101000100000100000000001010100101000001110
00000001000100010000000100000110010000001000010000111001100111010000000001110010001001010111000010000
01011000000000000011000000010010011111000100110100000000000100101011100000111000000010010000101111111
00010000001100010000100000011001001101110010010101000010000100011110110000100010100010010111000110000
00000100100100101000010110001100010000011011000001000000000001000001001000010010000000001000110000000
00100000100110010001011000000000000000000010001111010110001000000000010100100000100100010101000000000
10100000100000010100000000001000000010000000001000000111000010001000010000000001000100011111000000000
01100000110110001010100011110000111000100100010011100001000111100010000001000010100100000000000010000
01000001000010010010100001000100010010011000100001011010100100100010101011100001101000000101001010000
01001010001001011100110100001001111001000100000110010000100000010101010110010010110000001000000000000
10001001011000000100000110000010100100000001000100010100000001001000000101110101011011000001010000100
01000010110000100001101001000000010000000100101000101000010110000001010100100001011011100000110100010
00000000100000000000111000010000110010001000010101010001000010010010000100001100000000000010000010010
11001001111000011011010010110010000001010110000010000101100000000110000110100100000110101000111000100
10000000000010000100100110000100100001111011000100010010001000000010000011000110010101101001101000000
10010000001101000000000100100001001010100000100010100101110001000000010000000010001010010110010101001
00011100101000111011100000010010001101011100101010000010000000000001001010001100110010000001000010000
10001000011000001000000000000010100010000010110110000010100010100011100011010100001010001101000000100
00000000010101000000000011001010101001111100000001011010000110001110010111110100000000100000100010110
10000100000001100000010000010000010110000011100011000000000000100010100000101001001000000011000000100
00000000111001110011100100000001000000001101001000000010011011001000100001000100000100111000011010000
01000000000001001001001011000011000001001000001000100111000000000011000010001000000001000100010000001
00000001001001000011010001100000100000000000001001100000000010001100001010101000010100011000000100000
00000101000001110000100000100000101100100000010110100000100011001000001110101000000011100000010101100
00010100000010000100000001100000000011000100000000011101000100000011000000100010001000110011110000101
00011111000011001000000001000101100000100001000000100000000011100000000000000100101100010001101010111
10000001000100000000001101001101000100100000000100100000010001101100001001100010100000000001101000000
10010000000000011010000011110100000000000000001000000110100000010100000000001100100000001001000000110
00010000100001010000110110010010101110000000000000011010000010001101000000000100001000110100000000011
10010101100001110001101000000001100010000110000011101101000000000100000000100011000100010000001000010
00110000001000100001000000000000010100100011010001000100000000011000000101000000001001100000000000111
00010001001000010001000000101001000110110010000100001010101010100100101010101100110110000000001000000
10110011011000010010001000000010010011010010100100000100100001110000001100010000000000100100000010001
00001000110010001001000001000000010001000000010100110000001000101010001110011001000000101001011000000
00010010010001110000001001000001000000000011100111000010001001000100000001110010001100101010000001000
11001001011000010000010010101010011000000100100000001001100000010101001101000100001001000100100000101
00000001001000001010111011001100011000110010001000100100001101100000010001001001111110000001010100010
10100111000100011100011000100000100110100000100111100000000011111000010001010000010101000000011001000
00000000110000111001000100001011011110000100000101010111100010000000000000000010111000001000011010010
11100010010110000001000010100000000000000110000000110001000010000001101100001000010010101010001001011
00000000100000100000000000000000000000011000000000110101100110111100110010000010010011000000000001100
11110110001100101001000000000001100000000010010010110001000000010101110100000101100000101100011101000
00100001000100110101001100011010110000011001011000100000010101001010010010001000100001100010101010001
00010000101100000100000001000000001000001100100011000010101010000000010000000000000010100000001000001
00000101001110010100000010010000000101001000000110101100010011101000000001000101101010011110000110100
00100001010000001010000000011010010000000101100001000001000010000000011000100000000001000101000100110
10100011001001100000000110010000000010001000100000100100000001001010000001001000011101001101100000011
00111000110000000100100010100001000110000001000101011100000100010010000000010000000001000000000000100
00011110010011000110001101100000001000000100011000110001110001010000110010000010001000100000010001110
00110010000001000000000000001000100111000011001010111110000001011010010100010000000011000000000100010
01001000000000010000000100001001001100111100010011000111001000010010001001000100001000000010110101000
01011000000001100110010001000000110010100010000010000000010001010101000000011101010000100000001110000
01111011000010110001001000100000010000000001010000000000000101000000000110000000110000000001000000010
10001101001010001000000110011000101010011101001000111001000000000101100000111101110000110111100000010
00001001000110101010000110101001000010101011010110100010000110000100000100011001010000001010000011111
01011010000100010000000010100000010000100011010101001000001001000000010010000001101101010000100111000
01000101000010000100001010010100110010001010000111000010110001010010000010001001001100010000000000000
00001000000001010011101100000010011000000001010000001000000010010000000100110111100000100010010110011
10000110000000010010010000010100001001000000011000100100001000101000100101001001000001000001010000001
10100001001001010010000110100000011110010000000000001011000011000001000100011010101001000010001100110
00011001010100000010000001000001000001010100000001110000110100100000010000100100100000010101100000010
11010010100100110011011001001100110001111000110001001000100001010000001011001001000011010100000010100
01000010000110000100000010100001010100001001000000110110010000001000000100001000100010100010010010000
10000100100100001100100000000110000000000100000010100001000000001000100000001110000000010100000010100
10100000000000010000001010000010010010111010010000000000000000000000000000100110100000010001101110000
00101010000000110000000101000000000011001000010110010100000101011101011010000001001100001010000001100
01100001001001000100100001000100110010100100100000000000011010000001100110100000001010000000010100010
00010000000010000110100101000010010000000001000010001000010000010100111110100011001100111011101100011
1001001100101000100010001000100000001000001100000010000100001001011000000101000010000010010010010110G
