S0000000100000001010001000001110101010000000100100100001000000110110001001000011000010010100100010000
00000000110000011000000010001000110110001000101101000001000010011010110100000101100010000010000001010
00001001000110100000000001000001010000001110000001110100100001100010010000000001000000111000010000110
00000000101011011110110100001000110011100000100000000001100100100001000100101010000001000111000001000
11011010011001000110000110000010001000001001000001001110000101010010011100111100100000000000000101001
01000010011010010001110100001000111000011110100100001100000101000110010010100000100000011010100001001
00000011000000000110011001100001000100001000000101100101101011001000011110001000000000110100100100011
10100110111000111000000010000110000100001010110000010001011000000000010001100001001000001011001000001
00001010001111100011101000010001001000101000000000000010000100101100001010000000101010110100000000000
00001101000000001000001010010000110100000011010010110000100000000101000010000100000100010110100000010
00001010111110100010001000100001000001000000100000100000000000010010001000101000000000110001000000000
00101110000000010011010100001000000101100001000100000001000000001001110001110110000100001100000100101
00100110010100000000001000000101010101000000010001000100100110101110000100010000010100000011010010000
10000000110000000001111000000000000110101000010111000010000100010100001000001000010000110000110110001
00000101000000100001101010010011011000000000100000001000000000000001010101000001101000000000001010000
11000100010101001001100000000000101010010000010000010000000000000010100100101000000000001010110010100
10000000100100000011010000001000011001010100100110010100101010000001100000001001100011100000001100100
00000000111110010100100000100000101000001000010111101100001000010100000011100000000110010100000100010
10000011000000100010001010000010001000100100110000000000000100100001011000100001000100001100001000000
00001001000000010000001001101000101010010011100100011101001100100110001000010010001010000000011000011
00000000000000000100011000001001001001011001001101000010000110000100100000100100000100010100000000000
01000100100011111011001000011001010000001000110100010001001000000000100011000010001100001101101000001
00000010010100001000000000101010010010100010011000001010000111000110001000000000000000011011000010100
10001001010000110101000001011000000000001000011000001000000011010000110000001001101001000100001010001
00110001100001100001000001001010010010100011000000101100001000100111110001000000001011000100111000000
10101101110000000011000001100101101000001000011011000000001001011000010110100011110101000011001010000
01010000000110010000001110010001101000011000000000000010000101000100100000101000110100001101110110001
01010000000010010000000000011000010100100111001001100000000100111000001110000000000000001100011100000
00011000100000001101010100000001000000011011000100101001001101001110000011000000100000010000000001000
00010100010001010000100110100101000100000001110001010111010010000110000000000010011100100000000000010
11000001101100000110011010011110110000000000000000010100000000001100010000101110001001001001011100000
00001001010010001011110100000001101000000011110000111010011111011001000110101010000110000101000000000
00010111000000100001010000011001011100000000000010000100010001000010000100000110001010000011000001100
01000000000000000001100101101100010010010010011001001100111010100011010001100001010010001000010000011
10100001001110111001000101011100100000000010001001000100010011000010101101010011110010010000101000000
01010110101001000000010111101000000000000000000101000100000000000010010101001100000101001001001010001
00101100000001111000001010000100001100000010001000010000000110000011011100001000000010100010011100010
00010010000000010100110000010010001000000101010111000001000000000000001111010000101000100000000000101
01000001111000100100010110000101100100100001000001100110011100001100100000001010000000100011000001100
00000110001110110001010010000001000010011000100110001000000001000001011111100110001010001000101000100
11010100010100000001001101010010101000000101010000100001010000011001000000100010001110101000011011000
00110011100100011000000010100100110001111100000000110000100000100010110000100001000000000000100001000
10000001000110110110011010001100001100001010100001000000011001000101001011101000110001001000000011000
01001100001011000100110000000010000111001100000000000101000010010000001010000000100000001010000010000
00000001000000000001011011010110010000100000000100011000001010000010101000001000001010000000010100000
10100110100000100100000101100100011100000100000111001010010000001000000010010000010001000110000110000
10110000000001011100010000100100011000000000000001111010001010011110011000001000100100000001000010000
10011010010110000011010000101000110010110000100001000000110100000010010000100101000010110010000000100
00110100000000001001000011001000000100000000100100001110011000100000000100110101000100100101010000011
01001011111010000110000000000000011010000101000101000011010011100000100000000010000000001000001010001
00010100011100101011010001000000010000000100001100000110001100010001000100001001110101000001010000010
00001010000100000100101000000000010010000000000011000001010010000000100010010010100010001000000100110
01101111100000000000000100100000010010000000000000000010001000000000000010101000001000001010111010111
01000000001100001011010000000000001011001000110010110100011100010010000000000001011001000110000110000
00100100100000100110010010000011000000000000100001000011010100001000000011000011010101101101001100110
10000100001000000000010001001110111101011000000101010000111011100000110001000010010101000001000100011
10100101010110010011100111010010001010000101000001010011100001100010010100001110000110110011010100101
00000000001100010000010001100000100010010000000000100000000001010001000000000100100010000000010000000
00000101010001100100100000100000011101010101000000000100101000101101111010000100000100000001000000001
00000010010001000100000001000100001000100000000001000001100100001001000101001011100011101100000101001
11000101010100000000100000101000000000010000000010000010000000111001000011100100000000100110001000000
00010000000110000000010110000100000011001001100000001111000001100000010010000010101100001001001110000
00000000101000100110000001001011001010000011100100100000000001001100010001011010000011010010100000001
00000010010101100110001100001001010000110010001000000001100000001011000001010100001100100101100100000
10101110000000000011000011110010100010101000100010011000010010000000001110100000000000000000000100010
00001100000000000010010110000100001001011000010101000100100011001000101011100100100000000100000111010
00100101001000000000100110000100000001000001000011100010000001000111010100000011000110100000001000000
01000000011110111100000100111101011100100000010000001100111001000000010000000101011000000001110000100
00000111010100110001000010001100000010001100010110000010010000001000100011001000100100001011010010001
01001000000101001000100011000000001000000100000000001100000110001000111100011110000100000000000100110
01000000100001010000000000001110011100001011100000100000010000011010111010111001000010000010000011001
00000101100000000000110000100000000000000010110000100110100110010100001111001100010001000000100010000
00100001010001000001000111100000000000100101000100100000000001100010000000010100000000111000001000000
00000001000000000000001001000001001000000111001100000001011000110101001000010000011011110000100000011
00000001011000000000000000010010001010000011010000000000010111001010010100000001000000000010010001100
11000110000100101101000111101001010110010000110000000000100000001000010000001100101100100100110010000
00000000010010000100100110010100000001101000100000010101000101000110100000010110000000100000001101000
01000011000000010000011010010000000101110001010000010100010000000000010010111001100001010100000011000
01100000010011000000001011001010000000001000011100010101010000100010001011100001001000010001010100011
00000000101000100010110000011000110000101001010011000011110100001011001010011000100011001100001001100
00000000100000000110001001000100000011001010100010001010000000110110000010010000110010010010010100000
01110100010011010000100001000000000001001000010000101000001000101110010100000000000100000001010000010
10000000100000010001000100000110001000000101011010110010000001000001100000110000001000111000000100010
01000010000010011111000111101000010000101101100001111011000001010100110111000010010011110010000001000
01011000000011000100010001010011100000000000000111001101111110000000110001100001001000000000000100010
10010000010010001011010000100000010000000011101000001010011100000101100010000010110011010110001000000
00000001000110010000000000010000111000001001010100010000110001100000111010011000010110100101100100000
11011011011100000000000000110010001011010100000000001000101110010000100001110101001000100001101110010
01001100001000100010000000001011100011011001101000000100000100110000100100101010010100000110000000000
01011010001000101000001000000000001000000000001000011011110011010010001001001100000111101000000100101
00000110000100000110011010000100000101010100011100111010001010000010000001000000000100110000011100001
10111110011000110001000110000000011000011001101100000000100100000000001101110001111011001001001000000
00000010001000000010000010000000011010011010010110110000000000000100010100000100000000111001000100001
10000000001000010010111001111010000101110001010001000010010000001000000000010001010001101000101010100
00010010001000001011100000001000101101010001000000001000100100000000000010001010000100000001100011010
00001000000000010101001010001011010100100011001011100000000011000110001000001111100000010001000100100
00010000001000000000000100101000010000001000000100100100000000000101001001000000011100110000101100100
01010110001001010110011010000010000010010010011010100010111000110110000100011000000001001010000000100
00000000100110000000000100010100000010110001001000001010000000000001100011010101001001000100011001001
00000000011010000101000001110110100000011000010000101000000000000010010100010001000000110101100001100
0100001010001000000110011000001000000111001101001100000100110010000001000000001000110000001001000100G
