S1001000101000010000101100100100001010100110000100001000001010101011001011010000110010100000000001101
00000001100010100000000011010000100000000000010010010010000010010000001110101001010100010001001100000
11000010100100100000010010000011100000100000100001101010010001011001011100001001000010000000010000100
00100000000100000000000000100001010010001000000000001000001001010000100000101100100000010100010100000
00000001000100100100100110001100010000110010000111000010010000100011000000000010011001110111000000111
00001110101000100001010001000001001001000010010000110100000000000000000100001011100110000101000000110
00000010000100001101001000101110111010001001001001010001101111000100100001001010010110000010011100001
11011000001000000010110000010010001011100100001100010011000000100000101000010001001001110000000011110
00000001000001000000001100010000000001010011110000110010000111000111010000000011000000011010001010100
10111000011000000000100000001110101001110001100001010000110000000011000000010001000000001010001110011
00100110010101000100101001000010110100001101001011001010010000110000001100100000000101010000000001000
01011000001010001000001101000001001101100010011011001010001000000000010100000000010001000100101000101
10001000100100011000010000010000101010001110000010110110101000101110011100011001110101011011001111000
00001000000000001111011100100001001001000000000111101000110000001100000010110000101000001010000001010
01000100000001110001101000100000001000101110110000001001011000010001100100011010000101110101000011001
11011110000011000101001010000000000000100101101001000110111000010100001111000100000010000010100000010
00001011001000000110001100000100000000000000010010101101001001011001000000010000011001100000110000100
00011000001100100101110000000010000101011101000000000010100000101011101101100000101000100010000000001
00000101010000101100001000001111001001100000100110010110000001110010000111101000010001100011010011100
00000001010100001000000000101101001100010001000000000000111001000000010110010010000000100001100000101
00000000100100000100010111101100000100000100000000000000000000001001000010000000010100100000100000010
00000010000000100000010010010110000010101100010000110000000001010010101000000000110001000000100000010
01000000000100100100101000001000110101000010001000010000000000000000101000000000001010010001100001101
00010000011100101011100010000100010001111000000000000100000000001000011010100000100010100000000101100
00000000000000010100001000001110000010001001000100000000110100101001000001010000100000010001010101100
10101101100001000011100010110010100000000000011100011011000101101010000100001100111000010011010101100
01011110000001010110000001000110011001100000101001100101001011101000010110010111000001110000101101001
10000000000011010001000110010110001000001100011000000001100001000000001000001000001001000110000000000
00110000100110110000001001100110000000000100000011000000011010100100000011001000000000000000000100001
00101000010010111010111000100010011001000010010001010001000011111100110010000000110000011000001001001
11000010100000000000000000001011000101010100000000001000001000011100001100000001110110010000000101010
01010110111111000000000000001111111000000011000000000111000000110001001100000000000111000100100011010
01010110100000000100010000000100101001000100011001110000000001000111001000000100010000001111110110000
10000000110010010000000111100000001000100010101100000000000000000100100010100101101001010000000000100
00000000011101010100100101110110001100000101000011100000000001101000001110100010110101110000000000100
11100000100010000000000010000100110000000100101000010000111000101100001000110010100000001111000001000
00001000101100000011001010011000100100011000000101000101011000000000000010010100100100000100000000011
10010000100000010100010001100010001010000000010010100001000110001000010000000010101000101000000001100
00000000011001101010000000000100000011000000111000000010000101000110101001000011111100001000000100100
00100010000010110000100110000011000001000010100010101100000000100001001110001100000000011000100000000
10000111000110010010000100011001000010001000000000110001100000001111101100001100000010101010100000001
01000111010000000000011101000011100110000100000100000000000000001110101001001010000011001010000000001
00000101110000011100011000011010001001100001100000110000110101000010000100001000001000010000010001001
00100010000011010010000000000000000111010000000000000000110100000010010010100001000000101010100001010
00010000000001000000100110000111010100000010000001000000000000001011001110000001000000011001100000100
00100011000001001000011001000000001000001001100011001100000110000000000001000001001001000000011011100
10001100000001001000000001100100100010001110001100000101001001100000000010001000001100010111010000011
00010000101001010001011100010010000010000000000001000101100100000100000010001000010100110100010101010
01000100000000010011011000010010010000011000000100000101001001100001010110011000100000010000001101000
00100000110010001100001000000111001100000010000110000000000101000000000100000000011000000001011100000
11000011100001100000000010101100111010010010101010001010110111101100011001000000101000010011000111000
10000000100010110010110100000001011000000010000000010000000100110111010000001001010001000001000000011
00010001000110110010000101100000000000000111010000010000001000001101000001100100101000100000000010000
00101000100010100000101110001000100000111100001000000000000001000100100001000011110010111100100101000
10010011001000010001100100101000101001110100000101000011000000001000000100100100001000100100100011001
00100010000101101011110000001100000110010000011000000010000000001010101001010000000101001100110111100
10000000000000000110000110001000101001101000000100110110000001000000001100000000000111110001010000011
00001000000000000000010110000000001001001101011010000000100001001000001000000000001110000011010010001
00000011010000010010001001111111110000000000000000001000011101000001000010101000110001010101100000100
11000000000000000000000110000001010100001111000000000100011010011100110100101010000100000011000100100
00100001100100100000100101100010000010000110010000000101100000011000000000101000000001000110100000000
01011000000010000010101101000101010100011000100001000001000100011100010100101000011000100000000010000
10000011101001011100001001000101000000010000000000011010010000010101111001000001011001100000100000000
10001110010011010000001000001101010100000100000100000101110110010000000000000100000100001000100011010
00001000011001101001100001000010010001111100110000110000000000000100010000100100001010100010000000110
10110010100000010110100011011100010000000000110000011000000000000001000011000010100000100000001000000
00010100001000010100000000100100101010010110000000000000110010000000100000010010000001101001101010010
00000001001101001001000100011000011001010001000010001010000101100001110000010000000011000000000100001
00010100000001000100011011001010100001000001101101000100010010101000000100001000000000110100001000100
01000001110010000001100010111001111000100100000010000000100100101001100000010101000101100011100110100
10010101001000110110000001000010100100100000000001001001011000101011010000011101101001001010011010001
00011000101000000000100001000000000000011100000110000011001100011100000100001100100000000001011000010
00100000001100001000110101000001010011010011100010000000001011100000000010101001100110001000000001100
01000100111000000001010110110001100101000001000101011110010000100000011100000000010010010000000001011
00000100010000010000100110011000010001111000010101001110100000000100000000100000010111110100100001000
10001000000000100000000100000001000001011110000100100000111000100001101011001101001001010000010010000
00000101000010101000000100000010000000000000110011110001010000000000000010000010000000100010000000011
00000110110010110000000100010000100100110000100000001010000100001111111111001001000000001111010000000
00001000010001000000000000010100100100110100100111000001000010101101100000001000100001010001101000000
00000010011000010000001101001000001001000000100000100000000010000000010001100110010010000000000000000
00100100111100100010000001001110000001011000000110011100001100000000000000101010000011001000011101110
00100100000010001000100111011001100100001001010000011000100001100001000001100111111100010000001000100
00101010000001011000000000000000100001100100000111000111000001101001000100000001100010010100100100100
01000101010000000010001001100101000000000100000001010000011011100000011001000000000010001000010101011
10010000110110000000110101100101010000101000000001010000001000000010100010100000011000101001101000100
01000010000000000001000000110010101000011010000001100000000101101000000001001101000010101010011001000
10000000001100100011010001100010100110001011000000001000000010010010100010010000110010000010100100100
00111011001100100000110000000100010101000010101000011110100000100011011100001000010010000010011100111
01000011110000000000000010001000100101000000000110001101001000100110010000000001000101100000110110000
10010000110010001100001010110010010000000000101001000100001010000100000010110010000010000000100010000
00001000100100010000001100011001011011000010010111100000000000100010000000000010010110010000000011100
00000000001110010000000001101001010000000100001000000000000110000000000001000101100110000000100010000
00110001000011010000010101010100110111000000101000000110001011000101111010100110101001000000010000010
00010000101000000100010101000000101010110011010000001000000010000000011011100100011000010000100000101
01101100100111000000011000010111100111010010100000111010010000000000100001010010001001001100000000100
10001011010001000001010000010000110000100001100101000010110111101000001100000001010000010101101100000
00100111000010101111100001001111000000101000000010010011011001101000010100101111001011001010100010100
00001000110000101000001001000000001001000001010000100010000000001110000110000000100000101100101000010
00001000010001010000101111111111010100010101010011010000000000110001000000001011010111100100000110000
00000010101011111000010000000001000000000100010010000010011100111000000101101001100001011101001000000
1000001001000000000010000000001000000000101000000011000000100000000101010010000100000001001000011010G
