S0000011101000101000000000001001100001100000000010001001001000100000000001000000010000010000001000100
00000000101010100100000000000100000000001001010000010010000000010001101001100000001000001000101001010
10110010000010010000111010110000101000000100000000011000110100000101001000010110010000001100001000000
00010000000100110000010000101000110100001000101001100100000010000100000001001001111000100000000010000
00001111010001100001000100111000000100000010100000011101001001000000010000001001001001000000000101000
01100010110101000100000000001000001001010000000000000000111100000010000000100001001000000110100000010
00000000001100001011000001100010010100000000011001000000000001000111000110101010110110000001000100000
10011010010010001010110110010010010110001000101100100000101100001101000000010001010110010010010000001
00000001100000000010001010110010000001100100011000010001000000110010000001011100010001010101001000001
00100010000101000101110100011110101000100000100000011000100010000000100110010000110000000010000100010
00000000100010001000100000010101010100110110011101001000100000000000010000101010011000100000010001001
00000100000001100100001000001010100000010100101000110000001100000000001001000010000000110100000010010
10000000000000010101100001100011000000111001010010000110010010010011000001011000000000100000100011011
00000100101110010000000001001001000001010000000110101100010010000100000110010110000000000110000000100
10110011000010100100000011000001010000000011000010111001001010011000000010001000000010001100010100001
00010010100000000100000100101000011010000100000101100110100000111110000100000100000000101000111001000
00101001000111000010100000010101110100001001001000010110110001010100011001000001100101101101010000100
11110110010000000001001010000000001001010010000000001000110011100101100000010000010001000000010100001
00000011100111000001010001001110100001000000000100000011100010100000010001010000010001100000000000000
10000000000010011000000010100000001000100001000000100010000000010000011110010000110000010001001010101
00100000100000101001000000010010110010101100010100001111010010000110100100010000010010001011111000000
11101000100011101000011000000010010100001000000000000001001001110100010011000000000001001100001100000
00010000100001000011011010000001000000000100000101001000000001010000011010100101000000100101000000100
00100011000110010001001100010010100111000000001010101100000110010011001001001000100000000000001000000
00000001110000100000101000001000101000000011000100001000001001100000010001000001100001100010010110010
00101001100110000101010100000000100001111100000000000101010001100000101100000011101100000001100101110
10000100001000000010001101110001010101010010100110000000010010000001100000000000000110000001100101001
10000000100001110100100001100000100100001001000010000000011000001011010101000101100000110000111010000
00100000100110000101000110000000100101100010100001110100001110000000001001001001100000001101100000000
10001100000001001000010100001000000110000110110000001110010010000100010111110100001001100100000010100
00000100010000000011000010100000000011001000011010000101000100100011100110110010000001001001110010000
10010001101010000100011000100011110111011010011001100001001001000111000010001001110100100010110000001
11010000010011001000000011001000110001100000011000010010110000010101010010010001000001000000010101001
00000001000101000100001000000100100101011010000011001011000010101000100000010101000000000100000010110
00100111000010100000001000011000001000010000110110100000100010100100000100100010000010100100001000011
00000001011000101000000010000110110100010011110100000100010000100001011011001101011010011000110011100
00101111100010010000110000010111011001100001001000000000010000100001000010000100010011001000100000000
00000000010010111000000010000100001100000000010010000100000000000110101010000100000001010000000100010
10111100000000100100000110101000001000100011010100000111010000000010010010011000000000000001000010100
00010001100110000000000001001000000010000001001000100010000010010101010101101010010000000001001000000
00000111000001011000010000001100000000000011100000001000000010100011000010000100010001000000001000001
00011000100000100100110001010110100001110000000100000110000011011011100000101010101000100100001000101
10111100000010001011000001010000100000011000100011011100000111000000000011001100001100001000000100000
11000000000101110001000010001100000000000010111010010000000000000000111100100011011000101111010000001
00101001001010001010000101001100111001010000000000001001000110100001100000100010010010010000000000100
11000001011010110001001000001100000011000111100001000100111001010110100000000110001101110001101000110
00101110000000010001100100010000110111011111010000000100000100000011100001011110100000000100001000000
00100000000100001000010110000100010001000001100100110111000001000100000001000011001010010001001100000
01001000000000000000000010000010010001101010000010001010001000000100000111100000001101001000001000000
10001000000000100000000000001100000000000001000000001011000000000000010101111010000010110000110100000
00000110111000001100010000001010111100001000100100000010010010000010000000001010011000001010010001000
01100000010001100101001010101011000000100011010000010000001000011010001111001000000001010110000101000
10101000001000000000011000000100010010001000001100100011111100000000010001110100000001001011000100100
00000000000000100000000011000100000000010100001001010011100010011101001101101101010000001100000001000
11000010000001000011101100010001000011001000001100000110000000001010100010100100101100010101110001111
00100100100000010000100101000001000000011000000100100000011110100110001000001000010000001100000001100
01000010000010000100100110101100010001000010000110001100100010000010010011001101000110000000100000100
01000010000010101100100001101010000001010000000000000001000010000010010110010000000001000001000000000
00100010000000101011000010100000100000100100000100010000110101001000000101110100110010000011101100001
11011000011000001001111000010100001110001000000011100101001100010010110110000100000010000100000011000
00000010010011111010101000101000000010100001000001110100100101010100100001010011011000100101001110001
10000001000000110100010100000010000010010000010101101100000100000010010001001000110010010010000100000
10010000110011100101000000000001000010001001100111000001001100000000000101110101010000000000010100100
00000000010101000001011110001000001011001010100000000000000100100100011000011100001000100001001000010
10000111101000000011011011110000010010010010011000000010001000010100000001110101000110000000100110000
10010110100000100010000001011000000110000010000010100101110000011010100001110010000010100000000000001
00100000100001010111100000000000011000100001001010000001001110000001001001010000100000000101000000110
00000011011001000001000010100101100000001000001100001000010100000000100000011101010111001010001101000
00000000100000110001101010000000100101001100001011100010010100111000111010000101010100001001000000000
00000001000111100010100101000100000001001010110001000110100000000000000010010000100100000010000001010
01111100010001010001000000110100000000101001000110111001000010000101000000001001000101000010000110100
11011001111110000000001010000000010010101010010000000000101010000001001100011100100001110110010001000
00011000000000011000000000000000000000000000001000100001100010001101100110010000100000011001101000010
10110000010001000000011110001010101000100000001000000000100001011001100011100000000010001101100100000
00100001000001000110001100000000010011010000000000000000010100100000101000100000010000010100010001000
00100110001010110001000010000010001001001100000000000110000001000001110011010001000010100010000011010
10010000111101010011000011000000111111000010000100100010001000100010001010001000000011010100011000010
00100000101111000100111000000100000100000000000110000000000010000000000001000000000100100001110010001
00000100000000000000000000100010100111000000010000101110000001010110011111110010101001000010001100100
01011000001000000000110100000100010000000000010001000110011110101001010000000010010000100000001110000
00011000000000110010001100001000000001010100110110101010011000000110000010100101001010000111101100110
00001001101001000000010001010100011001110010100000111001101100010011101010000000000000000001000000000
10000101110100110000000000101000001000000001000100000000001100010000000010000000000000101111001101011
00111010000100000001000111000101000100111100010010100100110001010010001000101000001000110011001001100
01001110000000101000010100001000110110000100001001101001101000010000110000000100101101001100000010100
11000101001100000100001000000000110010000000010110010000001011100111001111000001001010101000100110101
00101100100000001011100001000100010101010000001000001000010100110001011001010011100010100001000000110
10111010101100110111010010101101000011000001000010000010111110001000100000010000100111010010000000000
00010000010000000000101000001111001001010001000100000100100010010000000000000100001001011010000010001
00000100000000001001010001000101000000000111010010111100010000000110000000100010110001010011010110010
01010001010000000001100001001000000000010111011100100000000001011100100110101000001000000011100111010
00000101000101010000000000000100000000110001001000101000000110100110000010000001101000000010010000000
00110111010001110010100000000010000011110011001011010000000101000100011000101000000100000110000100000
00010001000100101011100101011010100010100010001000100000101001000000010001000001010010101010010000000
00001111100000000001001111010001000100000001101000010000100000010101011000001111000100010000000100010
00111001100110000001010000000100100110000010100100001000100001000001100001000100010100010000110000110
10111100000011011000000000001100100000000000100100111000000000011100001000001011011001001001000111000
11000000000001001000000100000001001000010010000001100000011010100001001000100011100110010000001010000
00001001000010100001000110100000010000000010000101000000000000000100100000000000000000000001000000000
00000100001110101101000000000000000011000001000001001010101000000110110000001000011010100010110101000
0001110001000100100101000000000001110001001000010011010100010111001100101100100010110010010000000101G
