S0010100011000110010001000001000000000100000101000001000100001000001001000011101000000001001000000100
10001110000000010000010000100100001110110111000100000000000100001000100001110000000001000111001000100
01100011001001010000110000000000000110001000001000100101001000110000101100101000000100000001001100100
01000010011011001010010110011010100000001000100101001000000000010111000100001011111000101011001010100
10011100001011000011001001000000000100000101001001000010001010101110001000001000000100100000001100100
01100000001000000000000000000000000000000010100101000010000000000000110000100000101010010101101000010
10001001001001001100010000101000011100101010001001011001000010001001010100111111000000001001100001010
00000010010100001110000000100000110001110110100001001000110000100010100110010000000100000000100100010
00000100111000010101000010000000011100000100010000000100000110100100010001010001001000000111010100001
01000111110000001010000001010100001000001100000010010100111110000010000010100000000100101000110100100
00111000000110001000000000000100101101000100010000001001000010001000001001000100100000000110000101001
01010110110010100000100101000000000010011010100000000000010101000010001100001000100010000000100000001
10000110110010001110001010110001000101100111010100000000000110100000000101011100001000100001001000000
11000110100010110001111101101010000011001000010001110000010001010000000000000011000000010010000100100
00000000001000000000110010000001110001010000000000000000111000100010000000010010110100000100001000000
00001111000000000001000100100000100110000001010000000000100100000010101100001101010001100010000010100
00110110001110100001100011000000011100001110011100100001010001000000000000111000100000000100110010000
00000000001000000000000001001011100011010100110010100001000000000000000000011000100000100000101110000
00000010000000000000010000010100000010101010000101101110001100000000100010000100101001110001000000010
11010001101100000101100011011011000000001010000101010001111001001000011000000010000001000011000001000
10001110100101000100000011000101000000000000010000010000100000100010000000101000110100101000100000001
00101001010000011100010100000011000110111101000010011111100000000010001000000010000100010010000000001
01000010100000000111001000001001000001001000000000000000000101100001110000010001100010000010010000100
00100010010000101001000011100100001100110000001100000101000000011001000100101011011000000100001000100
00101001110100100110100010110000000001011000001100110000100000010001110000011000000001000000100010110
01000001010001001101001100100110010010011000000100000100000001100000010101001000010110101100000001110
00010100001110011100000000001010000000110100000000011001000001010000011000111001010000000100010111000
00011100100000011001101010000001110000001010010001010100011000000000001001000010100001010000010101100
01000001000010000000000000001000010010001000100100001010000000001110000010010010000000011000001101011
10000100000000100101100000000110100110000011100111111100000000001010001000100000000001100011000000000
00110100000001100000000100000001111001000010000000010000011000000100010000000110000010111100001000000
10000010101000000000000000001000000000010101000011100100000010000000010011010010110000010100101000000
00010011000000000010001110101010000110000100010010010100000110001100001001001000001101001010110101001
01100000000010100100011000000000000001001000000100001010000000001010111001101100000011000000000001000
00001100010000000111000001010010010000100000000101101000100010000010100000000000010000100010001110101
00000011010001000000101000000010010000001110100000001000000000010010001101000000001010001000100110110
10000110001000000101110001010100001111110011000011000000000010001001000100000010000100110010100001000
01110010001011001000000100110001001000001000000001001100000000010110001010000100000000100111100100000
10010000001001000010001100001001010001001010001000010101000010101000100100001001000011000000110000100
01101100100111110101000010001010100110001000100010000010010001000001000000110000001110000110000000000
01000010000101010010000010000001000101100001100010100110000010001000011000100001000001000100000000100
11000101100001010001000001100000000001111000010100010110011000000110001000010011000000000010010100000
00011100010011010100010110011011010101000000000100010000101010100010000010001010010000000001011110000
00100000010000000010100000000100010000100101010001001111000000011100000000000110001001101000000000001
01000000100011101000100110111010101010101010000000100100001000111010000100111000010010001001010001100
00010001010000100010001000010111000011001001101001000000000101001000000000000011010000010010100000000
10101001010001100000000000111001010000001001010001010001000000000010000000110101101100001000000000000
01011110100000000000011001000100100000100110001010110000001000100001010001010100011001001011100100000
11000001000001100110000000101010000000010001000001011010100001010000000000010001000110010100110000000
10101000101000000100000010100000100100100000000000100100100010100000100000001000000000010100000000001
00001011010010011001010010100000000000001000000000000100010010001000100001011000100010100101000010110
01000110000100101000001000100110000010100000010101001000000000000011000000000010000111000010000100001
00100110001100001111100100000100000000100011000000000000000010010000100001000010001000011101000101100
01001000010100000011100001000000000001111000100000100100001000100011101100010100010110101010010010110
11010000110000001000010011010000011100000111000000010001111000000101000000101010011000000110001000000
11000000001000000100110101010010100001011001000000001110100000000101100000000011000011101000010010000
00000000010100011000001011010000001001010000000000000110000110000100110001000010000000010000111001001
00010000001100000010011010110000000110000001101000000000000001000000000010010000001010000000000000000
11011010100100000001001000001000010000011001000010010000000010010100000001010100110100110000010001000
00100000111000011001000011000010000000000001011000001100001100000000010110010010001000101010001000000
00100001001001000000001000000110100101000000100011000010000000001010000000110010101001000000001011001
10000001101110000100001000000101000000110000110001010000110100100000100000011000010000101000100000001
10100010000100000001000001100001000001000101011000100101011100000010000010000000010010010000000010100
00010000000010000000001100000100110000100011101010001100010000001101000010000011011001110000110000010
00100100011110001000001111000100110001011000000100111100110010101010001010111100011000010000000000010
00000010000111100000101000010000001010010000000010000110111000000000000001001010101000000001101111010
01101010110100100000110110001001000000000010001010010011001001000100011010000110100101000010100110000
00010000000000111000100001100010100000101000110000110101000001000110100100001000011100001001010010000
00000010100010000010101000011000011001000010011100000100101111000100100100000011000110010100101110010
00000100011010100010010010100010000010000110001000011100000000000010000010000000010010000011101010000
01000000000000000110000001010100100100100001010010001010010100000100000001010011001000100000101111010
00111000001001000000000000101000100010000100100101101010111010000100111010010100001000111011100000100
00100000000010000000000000000100110110000000001000011001001101010000101000110010100000011001000000011
00000000000011011000100100101101110000000100000000010011100101001100001100001000010110010100101010110
00011100100101011100010000100100000100001001100101010000000000001000000000001001100101010010010000010
10000001110000000001001011000010000010000100000001000001100000011010000000100111000110001110100001010
10101010000010010001010000100000011001010000000001110011100000101000001010100100000010011001001000010
00000010000010100001100010000000110100100001010000000000011000010101000001010000000100010011110101000
10100010101001000000001100001000010110000110010000111001001010100100010000110100001000100100010010000
00100010000010100000011000001000000100010000110000001001010000000010000001000000000110000110000000001
11001100000001001100000110100000010100010000010000000010000000110100010101000000101110100011000000000
00001001111000100111001011000000010101011010101100001000100000000001011100000100010000111100000010000
01000010001110100000011000000001000100000101101010100010000100100000001000000010000010101001001111000
00100000000000000000100000100101001000010100000101010010010000000001000100000001000010010100010001100
10010000000000000001100000001100011000000011010110010010001110001110000100000000101111101010000101001
00101000000011010000000100101001000010100100010001100000000001000001000010010100011000000011010000000
00110000000010001101101000100000110010100001100001010001010100000000010100000000000100001000101001001
00000000001001001010010000001001100011100000010100101101000001100111001001100011101000000100000000000
00010001100010000011001000001100110000101101000100110100001010101010100011101100100101101011000100011
00000001000011000101010000111001101001011100100001100001000101011100111000110011001100000100010010000
10000000111101001000110000000000011100000000010011001110000010010010101000100000100000010011000000000
00110000000000100100010100100000100000100101010000110100100000000001101011000001001001010010100100011
01001110000100111010000100000000000001011101000001000100000000010010000010101010000110101010000010010
01001010001001110100101000001000000100010001010000010000000010000000010100111000010010000000010000100
11000001100000001000001000001000000000111100010011000000001001101100000100001110101010101000111000000
00001001000000001101000010000000110100001001010010000000001000000000000010000001011010001100010000101
11000000011000011000000011000000001001000010101100000010010010001110000100110110000001110000000101100
10000000100000101010001101000110011010000110000100000001101001101001000000000000100010011000000010000
00100100100000100001100100111010100010110101000101000010000001011100000000001000011100001110100100000
00100001001101000001000101000000111010001100000000000100111001001001001011010100010000010011100010110
0001010110001100100000000000000001001010000100010101101110010000111101010110001000000000000001010101G
