S0010000110000100011010000010110010001000000010010000001000000001010000110001000000001000101000000001
00100100001011010000111010001000000000000010100001100001000100000100100000100000101001001100010100010
00000110000101010010000001000011000000000101110011001010100000100110010000100010000110010000011100000
00000000000100001000001000000001001011101000001100001010001101001000011000101000111001110001000010011
01110100010111100111000111001000000010001010010100000000011000110001110011000001000000000100000100000
01000000100001110001000100110100000001000000100000011001100111000000010000010001101011001101011100010
00001010100000010000000111110010100100010001100000000011011000010000000110000000100000000011000000000
10001001001000000000010000010001001001100100100000000010100100111110010011001000110000111011010011001
01100000000010000100110000010001010000000010010000010000001010110110110000010000100101100100001000100
01000110000000010100000000000000001101010000001100000000011100000000010110001101110001001000000011010
00100100000110110000000110000011001000100110010110100010000011000110001100110001001001000000110000000
11000000011010010110000110010001000011010000011001001111000101001000000010000000101010000001010001000
00001001000010000000010100001000000000101010000100000001110001110010010110000101101000010000101011011
10000000110010011011001000001001000000010010100000011100000101000010000010000011100100001011000001010
10000010000000110000000001000000010000010001110110010000000000110000001010011001000010101100001010010
00100001010000100000001010001010010100001001100000010011001000000001011000011000000001011100010111000
10110001000001101100001100101110000101011010000001001100010000000100000010001111000000000011010000110
00001000010000000000000101011100000100000100011000000101000000011100001110001000001000001000001000000
01000000011011110100010011000100000000100100000000111111101000000100010000010001100001111001100000100
01010001100000100000110010001000001001011000001000010010001000000010100001000100010001000000001010000
10100001011100101000001000000111001011000100100000000000010100010000001000000001101100001111001000011
00000000001000000100011010110000100001000000000000001001100000000110101010010001001010011110000001100
00010001000000100100010000010100010100001000010010001001000010011100100010011011101000000100000111000
00000001010101001010001110000000000010110010001001010100011000000001000100100001000000001000101000001
00000100100100001010100100100011000000010000001000100001111011010010100001000110000100010101100001000
00100011100010100000001000110000001000000001100010101000001010001010000000000001110000011010110000000
00000000000000000000000000000100111001110000110110010001010100010100000100000000001001001101001001001
00001000100100000111101010000110010110010101000000000000001110000100000010110000010000011010000000001
00000001000000000010000011001000100010010001000100011100010000010011000000000100000001010000000010001
01000010000000000000000000100000100000001101011101000101000100001000000010010011101100101001000000010
00111000001000100100000000010001010010000001001001000000001011100001010111110000101010000000100110010
10010000000110010010000100100101001011011010100100000001100100000011010001010000111110100100010100000
10100100100001000000010100110110010000011000100100000101000000000000010100100101100001100000000100100
01010000001001000001000000010001111000001100011100000000001100110001000000000000110101111000100000000
00000010110000000000100000000100000000110100010010000101100000000010010011000001001000000000000010000
00000000001001110011100010001000010110000001101000000000000111110000110101000101101101001000000000100
00100101000010111000011011010000010011011000000100000100010110001000010110000000000010001000000000110
10111110001001000011001000000000110010111101000000001111000011001010000000000000000010100000101000011
01111010010001100011001000010000000001100000010000000001000110011001000010100001110000000000101000000
11000010000000000001001001101100100100010001001000000100001001001001000000000000001100010000010000000
00000001011000010011010101001101000101011100000101000000100111001000100011100011000100000000000000100
00000000011001111100000000100101010100011010011000001000100001000000011111010001010011000010000001001
00110011011000100100001000000010000000000001000000111001000000000001100100100000010000100000010001101
00110110000010000001100011000001100111100011001110000100000010010011100000010000011000000000000011000
00101001111000011000110110010000000101000000100000010000010000110101000100011000101101010110000010110
01001011000000110010000111000101100001100011100001010000100100000000001111101001001100100101011000000
00000001100000001101000001000110010010000010000001000100100010100010000000100100000000001100010111101
10111100000000000001000010000001001100010100110100011000000000000111100001000110000011100001001000100
10100111100001101000111000001001000001000100100010110110001110000000011111110001101001100010000000000
10000100110000111000000000000001100000110110000010000111110010000011000000000000001100000000001000001
01110000010001010010010101011000000001000010001111100100000000000101101100110001110000000001001000000
00101010000000010111100001001010000010100010011000000000000100000001000000000001000100001000010100110
00110000111100010000000000000000000010011000101000000001100011011000010001001000000100000010011001000
00000100100000001001000001100100000110100000000101011000000000011100001010000010100000000100000000100
10000010011000011000000000011001000010110000100010000000110000010010011011000000000110000010011001010
00000010011100001000000001001100000110000010001000100100100000001000001000000010010001011100001110000
01000000010111110111010100100001101100000000010000000000010110000001011000001100010011110101110000001
00001000010001011000000001000010011000110001000101011110000100100010000000000010010000110000000100000
00001100100011101011000000101000100100000001011110001000000010000110010101100001001000001010000001000
10001000001100000101001000001101001010100010110010010010010000001100001000100000111001110000100000001
00010010100001100010100001010010110000011111100010000100100100001111000110000000001000110100110001001
01010001100100011010000101001001001000000000010000001000100100000001100010001000000100001000010100101
01000100001010100010010001000100100011000010101001010010100000010001100010110110111011110000001000000
10100011010001110010000000110011000010010000100110011010000101110010001001101000010010000100000000001
00001001101111000000000000001011000100001010111011001000000111101101000000100000101011000000000100000
01001000000000011110100100101000001010000010000100000000000000000001000100100011000001000000000010000
11010100101000001101001000101100001110000000000001011111010000001001010100100100100011001100110100001
00001000000000100011110110000010000101001001111000011000001000001000100000010110101111001100100001000
01100011000000000000000000100001101110000001110110000000000100000111010100100000000000010001000000000
00010001101011001001001110100010100101100000100101011101100000011000100100000000010011000011010001101
00101011000001110100101001000001010001000000000000101101000000110000001111110000110000011000000000100
00010000101100100001010011001010110000111000000000100000010101000000000010010110001011001001111000001
00001001000100000110010101011001000010110101110010000000100010001010001101000000000000100001001000001
00101000010010000010101000100000000100101101101000000010000000010000100000000000010000010000110101000
10000001000011000000101100010000000110001010000101000001100001001100001000110100011000000010100110110
00100011000000001010001010100000000001000000000001000001000100101010001100001000000011000000100000000
00000100001100000000010011000000100000010101011010001000001000000000111101010000100011001001011010001
11000110000000101001010000000000010011110000000100010101000010101100100001010101000000010000010000000
00110000011000000100010000011100000000101011011010000100000001100010000000001100000010111000100001100
00001001000000010000010000110000000000000100101001101000000100001101010000000000001001001010000000010
10001000000000011100001110001100110010001000001001010000000010000100011000001000100101001000000010011
00100101100001010110001100010010000000000101010011001010101000101000010100011110100110100000011001110
00010110110101000001000110000101000000011100011010000100010000000000100100100011000100100000000000000
00000001000000100000100001010110010000000000010001101010001001101100000010001001001000000101011000111
00101000100100000100110001010010001110001000000110010101000001011000000000010100001100011100110101000
00000011100000100000110011000011101010001010001101001110010000100101000001001001000000000010100000110
00001000000011010000100010100000010001000001011000100000000110100000000000011000100101110001000000101
10110100000011010010101101000100001100001011010000010100001010010010010101100000110001101010000010000
01010101010000000010100110001111000100000101100010010010100101110100100100010001010001000100100000001
00100000000001000111000101010000110000101000110001010100010010001100000100100001000111001000010010110
10100010010011001100000000011010000000110100000000000000000011000001000010100000100000000001010100000
01001010011000001111001000000010010101111000111010000000111000010000000010010000000101001100000000000
00001101000100100000001100001001000010000100000010001010000100000001010001010100000001010000101110001
00000100111000100000001110010010100000110000100100000010000100101101011111000000010000100110001001100
10010000010000000110011100000001011100010101110100001000000000001111011001010010000011000001010100011
00000101001001001011000110010101101000101000000000000001000010010001010000100000000000000000000100000
00000000000010000000000111100100010101010100100100011000110000000001000001000001100000110000101000000
10011000101011010000101001000011010101011010010000000110100010000010010110101110100001010000000100000
00101001010011110100001001001110100000111010010110100001100011100100101000100000100000011011000100000
00101000100001010001010010001001100001000010000010110011000001101000010000010100000001001000000010000
1100010101000100000101000001000000100001000001100000100000001000000000100010001110001000100000010000G
