S0000100100000100101100111000010001100001000011010100001110110011000011001000001000010000000010000010
11010001100000010010000100110000001010011000010011011101000000100100010001010010010000001000010000010
11110000000000001001000001000011000000010010001000000100000010000100001001011010101010010001101110110
00000100000001010000100000110101000010110100010100100100100110010000000011000000010000110000101001000
10000001010010000000011101000010000010000001000000000101101001000000000000000000110000010101100000010
00001001000101000010010100000010001000011101100000000100000000110000000000100111000000100000000100000
00011100110011010000010000101101001000010010010001100011110111000101110000000100100010000000010000111
00100000000100000000000011001101001001111100000000000101001001000001001100000100100000100011001001000
00000010001000000010010000010010010110001000001110000101011000101110001000000100101000100010000010010
01011001000100000000001001000101001000000011000100001000100101100100000001000000000001100100010000000
00101110001100000010000100001001101001100010101100000000000010010011110100001010000101011001001001101
10001000011101011110000110101000001001011011010011000001010100000001111000000000011100001110010001010
11001000000100100100000000001100011000110000010001110011000100000010000100101011000010000001001101010
00010000000110010010011010000000101000010000000111101100011100100000110000110001000001100001000110000
00000100111000000010110000000001000000011000000000010001000001100010011110110001001100000010001100000
01000000000100000011100000100110011000011010100010110000110001000100000011010011100000000101001001000
10001010011000100100100100000010001000000001000001010000000000011100011110000110011010001111100000010
00000000001010001111101000010110100100000000010000010110100010110011000010010001100100010100110011000
00100000110010000000101000100000100110001000001011010110100010100001000110000100100010000010010000101
10000111000101010011011001000000000100001000001011011100011010100010001101000000011100111100101101100
01110011000110111000000100111100010011110101010001010100101001001001100000000000010011111011000010000
01101010000000011000110100000001000100000001010000100100011000000010001000010010010000000100000100000
00011000000000101100000010010010101001100010111100001000110111101000000100110010000010000001000100010
00010100000010000001001000001000100001001001000000000000000001001100111000101110010000000010101000000
01000100000011110100101011000000100011010001001000000000001000001100011001110010111010101000100000000
00100011000000001000001010100000001000000100100110100000100100100010010111000010100001010000000001011
00001101000100101101010000001010010001010000000001001011100100110001100010001001110101000001000100000
00101010000100100000001000100100001000000100001101001100000111001000000100000010001100101101000000000
00010010100001010110001001010101010010100010000001000001001010000110000001101000001000010000010101000
01110010100100110000000000100110001101000011110010000000100000100010100001001100100000000011000000010
00101100100000000000001100100010000000110100100000000000101001000000000011001101110110000011110101000
10000100000011000010000010001001010010001101100000010001000010100100101110010100100111010000100000000
01010010100101000101011101100000000010111100000101100001101000111000000010000000000101111001011000100
10000000000000100000000000010100000010000000010011010010001001000010010100100010100101100000101001101
00000000100010100000000101100101011010001010000000000001111000101100001000101001001000001000000010001
10000000110110000001101101000110010110010000010000001101000011010101000000100001100001100101110000100
01010000010101100000001000110000000101001010100000101000000110110000010000000000010111010011010111000
10001000001000110001110110010000110000000010110000001011000001010001101111000000010101100000110100000
00000000000100000000000000101110000000100000001100001011100000001001000001010001100001000010110000001
00111001000000000000000011011011110011100101000100110000001100010101100000000100111100001111000000100
01101011000000011001000011011000001100000001000000000001000000100100001010100000010010000000011110010
10100001100000100010100101100000100000001100000010110011110010100111001111101100100011000010000111000
10100001000001000000010101001000010001110011111000001100100010000000000001111000000100000000110000001
00000001101010010100100001000001010000100010011001000010010011000001011100000110000010001000000000000
00000011110010100110001001110000001100111100000110100101000011111000101100001010100010010000001010101
10100100000000100000000010000000011101000010000001110000101000000010000000100011001000010111001110101
00001100000001001011000000011110000100101010100000010100000100100000011101110001000000101000000000000
00111011100010000110100000001000100000100011101100110001011001000001100000010000000000010011100010000
10100000101101110011010101000100010000010110010000010100001000001000000000100001000100011100100100000
01101010110100001000100101000010010001001010010000001000100000000000001101001011111000100000101101101
00010000000000110100001010101000110001010000010001010111010000011000000000010000101101010100000000100
01110101110000011001000000000011001110010010010000110100010111010010100010000010000101100101010000000
10010011000000000011110100001001011000100001101100110000100000010101010011000001110010000011000100010
01000101000000001001110000000000000000011000001010000000011110001000001010000010001010111010000100100
00100000011101001000001000000010000000000010111010001000110000110011001000010000000011010100111001010
01000010111011000000011010010010100000100000010001110100110000000011010001100010000101010110010001011
10101010001001001001001000010000110101101000000010100001000001110100000010000000000100010011000011101
10000100001010100000000101011000100000000101001000010000110010000000000000101011010100110100000100101
11100100110001000010010110010010000010000110101100010100000010000000000001000100101010100100100001000
01000100000010010010001101100001000000000100011100000000110000000000001010001001001010100100001101101
10001000000011101110100010100100101001000010100001010110000000101000001100010001001000001001101000010
00010000001010001100100000011011101000001101001000001100100001000010001001001010111001000000001010100
01001000101010100100000000100000101101100000000100000110111011000000000001001000010000000001100000110
11010000000000001000011100010011101101000100000001000100011000000100000100000011001110100000100000000
01010000110001100000100100001001100011001000101101001101001100011100000000000000100001000011011110010
10000010001100000010010010101000010111011000110100100000000100001010110001011011010110001000000100010
01000011010000000000010100101111000001100000100001100110110100001010001001000001000011000000010001000
00101000100000001010001000000001010000000000001000001011010101111010000010000000101001010010000001111
00001100001100010000010000000010000100010000111010010000010100000011000000010110000001100100001000001
00011101100000110100001100000001101101000000001101001000000011000000001000011000101111100000000010000
00000011100000110001000111000110100000001011000011011000001000001000000000010001011001010010000000000
00011000000000100111111101001100000011000010000001000111000000010000010100110101001000001001011100100
01010010001001000110101000111101100101010001001111000000010100100010001100010000110010011000011001001
00100000000000000101100000111000111000000010100001010010011000010000001100000000000000000110110000010
11010100101011000101000000100001101100110011010000001000000000010001001010011100011010011000101000001
00100100010010110000000100001001100110000000000010101000001001000100010010010000100000100010000101010
00100000100000000011001011010100000000100100000001010010101111000010101100011100101010000001010000001
01011000111011000000010000010110010000100000011000100011000000101000011010101000011110011000000101111
00000001100001011100110100000000010100011010110000100000000000000010000000010100000010010101100001000
10000001000011000111100011101110101110000100000000010001000011000100110010100010110100001000000000000
01000010000110000010011000000000000000010000000001000000010010001011100000001000001010011000100010000
00000010000110011100100100101000000101000010000011010000010000000101010010100001001110000000001000000
10001000010100001010110010001000001100101101001001010110100010100110000001001101000011000001000100010
00101000010110001010010000100100000001110010100011000100101100001011001000011001010010000000100110100
11000001010010110100000001000001100000011001000000100100001001000010100100000100110100010101100000010
00000000000100110010000011001110000100010110010101010000010100100001000111000110111010010000001010000
01100110100010100010011000101110001101000000000000000001010010101010000001000010001010101000010010010
00100010100000010001100000100010000000001000000000001000010110001101000000000101010101111000110000100
10010000001100100001001100000000000000000000000000000000000001000000110011110010000101000001000001000
01010110000101001100011001001010000001000011101100010000001100001000011000011100000010100000000000000
00010001011010000000000100011000110010000001110000011000000000010011100100010010000000010000010111000
10010010100010100111010100001011000000000001100000000011100000001100110100110001000110001101101100000
10000000010000000010111011100001001011110001100001000000110000011000010000010100110100101110010010010
00010110000001000010101000110000000000001010000010110110010001010010000000000000000010000010000100011
00100010101110011100010011001000101001000110000010001100100100000011100101110101110001000110110010000
00001110000000000000100000100000100000000011101010000110001000110011000001000011011000100010001000000
00010110101011101000101100000101000000010110000100000100000010100010100000101000010110011010010100100
00001001000001010110000000010001000011100001001100000001010010010010011000000100010100101100000000010
00000011000000000001000000000010000100001000100001010000001001100000000111100001001101011010011110010
11100100000100010100001000000000000000100000001110101000000100000000000110110010001000010001000000000
0010010001000100011000100000100101000010010000010000110010000000100000100000000110101001001010110001G
