S0110011100000101000100000000110110010100100000101001000001010001010001010010000001000100000001011010
01000000011100100000000000000101000110101010110100000100101000100000001001111000110001001000000010010
00011000000000001000001100100010100000010001010010001000000010010000001010000000011010110000000111011
01000000101000101101000001101000010000010010010000000010000000000001000010000010010110010110100110000
11000001111000110010001000111000000100000101101101000011001000011100100110000100100000000111000001001
00011110111000100000000000000111100001000000100101010000010001100010000100000001000000100000000001000
10010000010100000101100101101001000011011010000110010010001100011010100000000100010010000010010000000
01000101010000011000100001111000000010000001010001000000000101110000100000111111000001000100000000000
10110010110010000011000000010001000000000011000110001001100001000100010001001001100000011010100010000
00000000000001010001100101010000110100010110001000011001000001000101101010011000000110001010000000001
10101001100110000000101001000001100000001011000000101100000010011111010001011000001100000111010010100
01110001101001100011010001001010000010100010001010010101001000000000001101110010000111000101001001110
01000101100000100100000100000011001010100000001010000010000100000100000100000001110011010000000011000
01000010000111001001110001101000111000010110100000000000100000101011001000100001001000010100110100010
00010101100000010000010010000100000001001001010000111000001010101001101010001010100001000010100010000
11000111101010100000000000001000010110000100000100000110000011001010011100010110000000000010011000000
00000000001000010001110001000100100000001000100000100100000000000101000100000001100110000000001100011
01100010001000000010100000101000000100110001001010010000011110111001100010000111101000000000001000000
01000010000000100001000011101011101100000000001100000100011010110100110110000000100010001001000010000
10001101001111000000000101100000001111010000001001001111000100001000000001011000000100001000000010000
10110100000011010000110010000000010000010110000000001101001100001001011101110000100101010110011100001
01100100000000111010101101000001011000000000100010000000010001000100001010000100010001010110000000100
11100100010000000000011001101010011010001000001000100110001010100001010001000000000010100010011001100
00110100010100101001110000000000000000001001001100100100001000000010000100100010001111010101100100100
10000011000001000000100110010010110010111000100100000101000101100100011111111010101100000110000000000
00000100100001000001111000000000001001010000000101110000011001100100010011100001100100000001000100010
11101001010000000001100110000100001011100000010000001100001100100010100000110000101100001000000001001
00010110010010100000000010010000101010000000011011010000000000000000001011001000001011011000001010000
00111001000011101101010110001110100101010100111110000010000001001010110001100010101111110000001010001
10000010100001010101000000101001101010000011000000010010000000010010011001000011010000000000000110010
10001000001000101000111000000100000101000011000110000000000111001100100001110100000001010010010100000
00000000011000010011010000110010000010010011000000100001010000010001001000001001101010010011001010000
00010110000010000111010010010000001000111000011101000100100010110000010100010011100010000101100001000
01011010110011000000110001101011000010101001000100000111110100001011111000001000010001100010010000100
00100000001001000101100110000000000111010001010010001001001010100110001000000000000000010000100001000
01000100001011010000000000001000000010100100000000110110100010101000000000010101101100001001011110000
00100010000000000001100110000011011001110001100100000110100000001000001010001000101101000100011010000
10000001101100001001100001000011010000011110000001000100110110000100000110000000001001000000100001110
00000000000000100001000000010100110000101000000011000001001110000010000010000110111000101000000110110
10000000100010000101011001110011100010100010100101000000010000000000000101000001000000001001010001000
01110001100000110100001010000000100101010010000010000001100011010000000101000000001000001011000000100
01101100000010001000001000000011000000100000000010000000000101011011010011000101000010110001100010101
01001000000000000000001011101000000100000000000001101010010001010111011000011000000010010001001000000
01010100001100000000010000000100010000001001000010001001000010110010000000100111101000000000010001010
10000101010000010000000000100000000110110100000000000111011001000011000001000100000011110100101000000
00001011110010101101000000110011100100001010010000101001010110001100010010110000110010000101010000110
00000000000100010001001000101101011000010001110010100100101000100000000010001010100000000001110000000
11000000100010011010011101000010000000100000000101000000010000000011111010000000111000000001001010010
11001000111010101100000100101000101000011000010000001010000000010000000010010011010001000000000000000
00100101100110010100100011011000000100000000110011000101000001100011100010100001100000100101000110000
00000011011000000011000000000000000000100100001110000000010010010100100001000001100000101000010000000
00111001011101001000010100100100000101000100100000100110000100000110110000100000001010000110001011010
01001000000001001000101100100000100010100010101000000110000000101000110111111010000100100100000001000
00000001010101000000001000000001010010001000101000010000000000100110100000000000111100000100000000011
00001100101000000010101000100011000010000000100000100100011000010100000000001100101000100000011001000
00001000000000100001000001100001001001010011000000001000000000000011000000011100100111010100001000000
11011011001000000011111111000010001000101011000100000010100010011011110000010000010101011100000100001
01000000000001111000100000110001011001000000111100000100000001000110100000110110000010101101001011000
00010000010000100010000110010110101000000000000110100001110000000000001000100010100000001100100110100
01101011000001100000000000001000000110000000010010000100011000011100101001000010000010100001010100010
10111000100011110000001001100000010011000100001000010010000100000100000000100011000001110101000001000
10001000110000011100001010100100000000001100010000001000000000001000011010001011000100101001000000100
01001010000000000000000010010010000000101001010000010001110011100100010001100000101111010101000010000
00010010100100011010001000001010001001000101100000001000000000011001000010000010011000000100011011000
01010000001000000000100100001010100101001010100100000000001101001000100000000110011000110101000100000
11000000000000000000010000110000000000000101010100100110010010101011000000000100110010000110011000001
01000111110101100110000100100100010000011000000110001010101111011010011000011110110101000001011000001
00100000100100001000000000001010100001000000000000000010000000010010110000100000100100010110000110110
00011000010000001100001101000001010001110000010000000110000010010000000101100100000001001100100000110
00010100101110000110101110010010100010100000101010111000001001100000100100001101000101010010001000000
10000010000100000000010001001010000010000001001001011010110010011111100001100000100000001001100001100
00110001000100011011010000011000001010100001000000111101000001000000000000111001000001010000010101000
01110111000100000110000001000100101010000001010110010001100010101000000100010101110110000000000010001
10010011100001000110000000010000001101101001001000100010111010100000000110000000001110000011000000110
01001000010000000000000001100100000010000100100000000110000000101000000110110011110000001000000001001
01001000010000000100101001000000010100100001100110010000110111001000010101000010010000110010001010001
00000010001101000000010100010000000000000100000001010001101011001100110001000001100010000010001000100
10110010100110011010000101000011011100110001001100100101100010001101010010010111000000000010010000101
01010011110000000000110000000000010000101010100010000000000100001011010001000101000001001010000101100
10001000000000001011010000100000100100110100110000000000101100000000001011010100011001000001100000100
01011010000000010100000011001010010101100000010000000100000000101100000000010100011110010000010110010
00011001000000010100000001000100000000110000100000000000000000000111000000010011000010100011000000010
00000100000011100010101100001000111000000100000101001100000000010010100000000110000001001100000000110
11000000100010001111000100100100100001000000000100011000000000100010101000001000000001110000000010000
01000000000001010001010010010010000001101011010100000001110010001001001000101000101000100000000010000
00110111101101110110001100000010000011001100011100000000001000000000010000100010010010010010000100000
10100100000000011100011000011110000001001110100110001000010101000010000011101100111110100010000000000
01001001100001100100100010011000100000101100100001000000000100010001101000000110000010010000100000100
00010000001011000000101110000101000000100010001010000100001100010100000010000000100100100010000110000
10010100100001001110000001010000100000011000000000000100100100100101010000000010100000001000110101010
01001100100000000010010000100000000100010001001100000001100001100010000100010000000010110111000000100
01000000000000100000000100000000001010000100001000100000000010000100010000001001010010101000110001000
10000011011100001011001111100100010100010010010000000000001000101000101000000100010000101100001100101
00001101010010010000100100000000110010000010000011111000100000011001000001000010100000110001010001101
00010100000010100101000100001010000101100010100000000010000010000001000000111000100100010010000000000
00000000000001100001000000001000000000000001100000000000000100100010000000000000001001100000100110000
01100001000000011000001001000000000010100001010000000010010001001000000000101000111100000010001000001
01010000010011100100001001001011000011000100011001000010010000101000100100000000000000100001010100010
11000011100001100011111000111100000000000010000000100010100010101101000101000000000001100110000000000
00010011000000000001000111010000010001000101001001000000100100000000000011010100000010000001010100010
0000101000011100001000000001001010010000010010110000000000100001011010101010100000001100000010010100G
