S1100010110000000010101010001000010110000000110000000100000000100001000000010001011100010010100000000
00000110011100000010010000001000000011001000000010010010001100010000110010010000000001111010000011100
00101101000100110000001010000000001001100000010000000001000100100001001010110100100110000101001000100
10000010001001011000000000001000000000000001000111111000000010001001001011000100100000101001111000000
00010001100101011000100010011111010010001011000100001001100000010000000011001000010100100001000000001
01000111101000011000000110000001010100001100000011110000000100000101110100110101101011011010000110100
00000000100000000010001000001001100000000100000000001010010011101001110000000000000110100011000010101
01011110010000000000100000100111001010000100000000000000110000001100000100010001001000000000100110101
00000000001000000011000000101000101001011010100000110000001010000010000000001000010000000001110010011
00111101010000100010011101000000100001100010010000000000010010001000001100000001100010011010100000000
10010000010001111111001000001111000000110110001110100000010000100011000000100000010100100001000110100
01110000001110100000110110000010000101001010100011101010100100000000000000001111110001000001101010000
10010000000010110110001001010000000000011000000010000001001100110100111011000000000000000010000110000
00001000000000110101010001000110000110110011100100111010101000100010000100000010001000001000001000010
11001010100011100000101100000000000010000011101001101111000100011101000000101001001111010000100010101
00000010111000101000000110000010001100011110010001000100000000000000110100110011010010000000001000010
10010100000110001010010000000000011000000100100000001011000101001010000011001000101110001100010000100
00110000100001000000000000011011010100000010000001000000101010000000000100110001001000000011000000110
00000110101000010101100101000011001010011000001000001011010011011000001101101001011010011001010000110
00010000000000000001101001000000100111000000000000100001101100110001000011000010100000011001000001000
00000000000010000111000010111000000010100010000111000000000100000000011000000101001000000001100010101
01101110010010100010110001010101100010000001000001000001101011001110001011100000111100010100100100000
01000100010010000100001110000101000000000001110000000000001001000100011011000010100100011010010000100
01000111010001000000010000100000101001001100001000011000000010000101100111010000000100010000000001000
11000000000111100001010000001001100000000000001101000010001000001100000000010110110000000110010010100
00010001101100101111000110100010000001001010000000100000101010111100000000110001100001010000101010010
00101000101000100000111100000011010010100000000001100101111111000001000000010100001000001000100101110
00000000000000001001010010100011000010000010000000000000000000001110010101001000000100100000010100000
00011001101010001001010011000100010001000001001010100100100000001000110000111100100011010001000001001
11101100101000000101101100100000100010010010110000011001011010100001011000000110001010010000011000100
00000100000001000110000000000000000100000001111000000000001000000010100000100010100000000000100011111
11110100000000000100001000000110001111000001001100000100000101011111000100000000010000000111001100000
01010000000100000000001001010110001010000000010000010000100010001010010010000100001000000011000011001
00000110110110000011100000101011000000000000000000101001001000010000101001010101110100100010010010101
10000010000000001010010000010101001001100000010000001010000001000100010000010001010100000001100000101
01001000100001100110000011001101011100100000000001010101000101010000011001000000001000000111000001101
00000100100001010000100010001100001010001110010011010000110101100010000010000100000011001100110001101
11100100100001110000001001110001001000011001010010110100011000011001010100010001001100010001001110000
01010000001100000000000111000000011100000010000000001000000001100000001001001001000101010000101101001
01011110001000000001001101110000000100000010100000100011010000110100000010000001010111100000110100000
10001001001010000001000000010100000000100001010000001000110100010101000001000100000100000011111000100
11000010111011000011100100001000100000100000001010010101110000000001000000110010001001100000001000000
00100001110000001100000010100000010011101000010100011100010100010000111001010000000000001000010001010
00101110010110000101000000000001001010010100000110000000010101100010000011001000100000011100000001100
00110101010110001010000000000001100100011000100101011010100010100000000000100000000100000011010111000
00001000000001111100010000100100000100000000010101001110001000000000110100000001101001000000011000000
01110001000000010110000000010000001000011000001010110000110101010101110000100100001001011000100110000
00011010100000000110100001000110000100000100010010010000001000000011000110001000000000101000101000000
00100000111000100100011010100000110010010100110010100101001010000000001010100000010000111000110101000
00010000010101010101000001010010011101000100000001000001000100000100100101001000000101111000000000000
01000001000000000100000000100011000101000010100010000000011110000001001010000000100010000000110000001
01110000010001001101110001000001001010000001010001100000000000000100000101001011011001001101001100001
10000000000000100000100001100100011010001011100000001000011110000101010100100000010000000111001000110
00101000000010001101001011110011010100010000100000011011000100010000000000000000000010000000000000110
00100001101000010000011000011000010000100001011010000100001001111000011000001010101000001010000010000
10000000000000000011000000001101000000000000010100000000101010100000001000100001010001001000000110001
01000100001010100100000011000011001000011000001010010100011010001000011000101001001000010101001000000
01000111000000000100000001010010001100001001000101111101110010100000101100011000101000010001000110000
00101000011000001000010010010010011000000000001001000100100010000000010100010010000000000000011001011
10100110010111000000000000010100010010001010011000100011010100010000101000011011111000001001011011001
01000001000010000001000100000001001010100010110011010000000011100001010000000100101000100010000001000
01001000100000011010010100000000010010010000000000000010010000001000010100000000001001000001000000000
01110000001100001000111000000000100110010100001100000100100000010000010000000010000001000000000010001
01010001101000100000100101001000010010001100010010110100000000100110110010000000001001010100010010000
00000000001001001100000000000100101111000100100000100100010001000101000011001010000100101000000000100
00100000100001000000110000001000001101001100100001010100100000111100000000100000011000011101100001000
00000100000100000110011101100110001000100000001000000100000011100000111100000000000100000101001110000
01010010000000010000001100000100000000011110100101101000010100110100000011000100110000001000100000010
10000010110011100000010000000110000000000000010010001010010000101010000000010000000010011110010000000
10011011001000001000000101000000010000111011001000000001101011001000100000100000111010110100010011000
01000000001000101000000010010010101000000110010010100000000110100000110110011100100000010000101101001
00100010100110000011000010000000001110000000000010000010111100010000000010101101000001100000000100000
11111011101000000101000001010100010000010001001001000110011001011000100000010000010100000110000001001
00100001001100010100000000000000000011000001000100001100001100000001000110010000010011000000000010000
01000010000000000001001000011001000100100100100101001000100000100011001000001010011000110000000000110
10000011001000000000011000000001111000011000010100000000101011010001100001000010110011110000001011100
01000010000011100101001010000000010110000101011100000000000001000000000010110000101000000000000000010
00000000000101110001000100100110000101110001000000100100101000100010001000011101000000010101100000011
00110100110000000000000001000001000010010000001011110100000101011100100011110011000010110000011000000
01000110110100000100000000001101111000010000000000000000000110010001101010011000000001001000100111010
00000011010001001000001000000111001010000000010010010001010011001000000001001100100001001000100000000
10101100010100011000000001110001001110000000000110110000001010010100000000010011000011010000000110100
10110100111010000010001100000010100011100110000010000111100010000000011000000101000110110101000011000
00010000100000100000001000000010001001001001000000010000001010010100000010000011010001000010010001011
00110010000010000000010010001000000010010001011100100011000111000101010110000100001000110011100101011
10001100110000111100101001101000000011000010000000010110000000000101110000110010010100000101000100100
01000000100001000010100000110011000001100000010001100000000110000001011110000000000100100010111010000
01000000000100001010000000001000100001001010000010101100000001011100000010000001111010001000010001000
10101001100101000000000100000000100001100001001001011110110011000100100000001110100001100010101100000
10010001000011111000100010000001001010000000001001010000000000010110000100000011010100000010011001000
01001000101010110100101001001010001000001101000000000001100000110011010110010100000001000010101000000
10001001000000101000110000011111000010000110010000101000010000101010100100000100000100010110001000010
00000000001100001100000000010101000000111001000010010000001000000010011100001000010100000000000010010
01001000000010000000100001000101111010101100111011001011010010010100000010000110000000000001000011000
10000010000000100000000001001000001010000001001101010000001010000011011010101001100001001010010000001
10001000000010000010001011000000111101000100000110011100001111110001010000100000000001001001100110000
00101110000001000010000000000001000000000100111000010000000000011111000101110011000010000101010010011
01001100000000000101001000011100001001001100001010010001110000010000000100000111110010010100010101001
00000011100010111001000000000000100010011011010011100001001000001101001000111000000000000101000001001
10000111000000101001000000010010001110000101000000100000001110100101000100000000010000100001101110001
0110001000010010100000011000101000000100100101010010100010000000110111010001000000010101000000001011G
