S0100000000101001100000000000001000010000000001000010010000010001010000010000100001000010000101000001
00001000001010000000110000110101001011010100000010000010000100111011000000011000001100100100000011000
10100100000001000100000000100000011110110000110000111010000011100000001010101110010010010000001001000
01010101010000000000100000100110001001000001010000011000000011100000110100000001100001110001101011000
00010110010100011010010001000100100000000000001000100001110000010100000110100001011001100001001000001
00000101010101011111010101001000000010000010001000101001011001010000010100110010000010110010000000000
00001001100101010100110110111000100011011100000001111100100100011000100001100000010000000000010000000
00111010000000110000010000010010000100010010011000000101010100000100011010001010000001000010000111001
00110010000111000110100000100100110000101000000100100001000000100010000100101100100100110101000000001
00010000010000000111000000000010010000000100000010000000100000000001100001000001000100001111001100001
00010000001100110000010100100000011010010010000111011000100101100101101011010000010000101000011100000
01100010001100010010000000111010000000100100001000000010100100000011000000101001001000000000000010000
00000010000111000001010001000000100010110010001010000000100000000000101011010010000111000011010010000
11000001010001101001001100100000000100000011010000001100000011101000000000101010010000000001010000010
00010000001110010100111000110110100001100000101000000100000010011100001001011100011110100110000010000
00000101001000001001100010001110100001000000100001010010100000000000101000100000001010100000010000001
00001110010101000000000100010000100000010010000000001000000000100000010000011000111100101001000110000
00000010000000000000001000010000001000001101000101101110000100001000000001000000100110000000001001000
00100001001001000000001000010010010001101101011100110000100100111000101001010000100001000101110001110
01010100000100011000000000001000011011000000100100000100011100010011010010000000011110000100000111000
00100001011001111001010010010101101000001100100111100111001000101000110101101011000101110000000001011
01000000000110000000101010000000000000010000000000000001000010001010011001000010111000001001000000000
00001100100001000000010001100000110000000010100101001001000000100101001010011010001000000011000000001
01000001100000000100000100001010000000000011100000000111000111010100100011001001100010000001000000010
00011001000000000000110000000100100000010110010000000001111000000100000101000000000010001000100010011
00101011000000001000000111000010000001001001000101110100000110111010100011010000000010000100100000000
00001010100010100001100000000000001101001010111010001111000000010101100100100000010001001010000000000
01100000000001000000010000000010000001010110000000011000001000101000110010011010010010001010110100100
00010100111101010001111100001110100001001010111010101000000000001101001101110110010010001100101000101
00000101101001000100000011100000000000110110000000000000000010000000010001000001001110101001010100000
01000010101110010100010010000001010100000010001011000000001000000001110010110000110001000110010000001
01100001000110100001001001000111000000011000000010101001000000011100000000101001100010100000100100110
10001110101100100001100000001000000010000101000001100010010011000100100010000011000011000000010010001
10000000001010001100000001100010101010000000000111011000000111110100001000100000110000010010110000000
10000000000100001001000000001010100001000100100101000001000000001011100010010010000100101000000010100
11110001110010000000000000000000100010000000011000000001001000010000010010010000001010100001000010010
00100100100110000001000111101000001000000100100001000001001000001000000000001000110000010000100100010
00011100011000001001110000000100000001100011010000100000000100100000010011000011010100001000101000000
10000101010001000100000001001110010101000010000001010010111001000001000101100000000111010100000000010
00000100000010000000011001000100000010000010000001100000100000011001010001000000110000100010010001010
00110100000011010000101000010000000000000000100100011010000000111010010100000010100010110000000001100
10011001101000001011010000000100000100000010110100000110001000101010100100100000101101010000001110000
00000000001000100111100010000101001100000001000001011000110001000100001100000010100100100000000001000
00101111010001001000000000011100110100101000000011001000100010000110101000001000000010100000000100010
11001010000000000000010000110100100001010011000000000000000100100000010001010110100100010011100010100
00000001100010110100000000010001000101001000110010111000110000000001000010110001001001000001100110100
00010000001100111010100100100110010010001000101000000010101100100111000011100000000010110100000000101
11000100010110000001010100010001110000110100100100001011010000100001100100000001001000000001001001100
00101000010101000001000000011010000001000010010000000010000101100010100001010011100100000000010001001
00011100010100101100000000100010010000000101010101001011100000001100001000000110000000110001101000000
01101001101000000000000011011101001100001011001000001100010001000001101000000010000110001011001001000
10000001000101000011000000101010100000000000111000000010000110010100110100000100000000100100111001000
00000101001010111011011000000001010001110000001110000001100011001110000100001001000000000100101001110
01001010110001000000011000000000000011010000000000000110001011010000110001001100011000001000000000101
00000001000001001011010010100000111101000001110100000010000010010010010000010000010001001000000000000
00011111000110000010100010101000001100110101011010001100000000011000000011000001001000100000001001010
01011000100010000010010110100011110101010000000101000000000000001000100000010100001011010100100010011
10001010101101001110011010110010000100100101010000000100011000011000100111100010011000000000110000100
00000000101000101110010001010110001010100000010000011011001010100100110010000000000100000100001000000
11000001000000110000001100001000101000010111000010011000010000000010000000100010100001011101010000001
01110010001100101000010011100100100000000100101010100000010000000000110100110001011101000010010001001
00011110001001100100000100000001000100111001100110001000000000000011101010011010001000001100011100110
01000110001001100000010000010100110000010100010001001101000000010100000000000000000011000000000000000
00011100001110100010100000101000110010001101000000010001001011010010000000000010010000010100000000001
11100001000001011011000101000001000000010010000000101000111001001010000000101000000010000010000000001
01000000100100000001000101000010100000001010001100001000000000101001000000110100000100001000010100011
00000011010000011000100000011000000000000000000000010010100001001001001110001010100011000101101100000
01000001000000010000000110100100000101000110000110111000001000010000001000001011000011000000000001000
00101010100010011010001010001000001001000000001000000100111001001000001100001110001101011010100000000
10110000101000010110000000001000001101000101010001000001010000010000011000110000010010000000110110010
00110000001001000010000001001010101000000010010010110001100011010000011000010000001011100110010010011
00100001000101001000000000001001010001010001100001100000000000101011100101100100010100000000000000010
10010000000101010010000001000001010110000000010000001100100000000110001010001000101101000000000100000
10000000010001100100100101011000100001000000101000000001001100000100101000000000001101001101000110000
00100000010011000000001010011010001010000000000010101010101110000000001001000000000001011000110101100
11000000000000110110010010001100101110100010010110100010100110000111010100000100001001100001000110000
01110000010000010011101100001101001101001110010100110011101000010110000011100000000010010110100110001
00100010010010100000010010110010000011011100011001101000110000110001001001010001000011000000111000001
00010110000000100000110000000000100001100010100000000011001011010101010100100101001000101000000000000
01100000001110000100110001010000110001000100011011010001000000100000000100000100001010001000001000000
00010110000100000011001001010100010100110010000011110011001000000000111101000000000000000001010011010
00000101100011110101100010010100110100100000001000011000110001010001101000000101011100010110000101000
00001001100010000001101000001000100011000001000010000100001001100101010000000110011000000110011000000
10010100111001000000000001000110000100000001000000100010000010100000000110000000000100000000100010000
00100111001000001011000010001001001000001000001100011010100000000000001000100000100100000000000000100
00000100100101101100110001010010000001010001010010010000110100100000000010000001101011000110001000001
10000000000000000100100100000011001000010000000011000001101000010000001000100110000101000010010010000
01011100101100101101000000111000000101000000011000010010100000001100001000001000110001000000000001001
10100000000000010100000000100110011011000001001000101010001000101000010000000100000011000000100011000
11110101000100100101000010010010000000000010010010000110001101010010101001110001100100011100010000101
00000010000100001001000000111000011000011001100010100010110001100001000000101010110001101100000100000
00000000000010100000001000001111001001001101101000000000000000001011001101100000110100010010011000000
10001010001010100001000000100010101010000011000100000000000000000100010000000100000000110001101010101
11000010001110110000100000000010101001100010100001100110001000100010010000100010000010010001101010001
00001100001100010100000100000100000001010000010011100110000001000010001001001000000010001000010111000
01001000011000001000000000000010010000000000001000000001011111000000100000100101001010100010000000000
10010100001000001000010010010010101000000001011000000001100000000000010100001100000001010100001101001
00000100100010011010000010000010010000110010010100000001001010100000000000100100001000010010110101110
10001001100000000000000001010110000000100100110010010101100000000010000100000000000000101010100100001
11011010101000010100000000010011011000001000000001000010010101000110010010010111001001000110100011000
0100101000001010000001000010000100111011100001110011110010000001010100110010010001000000001010000010G
