S1000000000000100010000110010000000101001000010000100000011010100000001101000100000001110000100000000
00110011000010011101011000100000001010000000000100011101100010000100011000010001010000000000000000110
00100111000100000000110011000001010011010000000010000010100001001000100101001100111010000000100000010
00010000001001100100000110000010100001000001001100000110010001101010000000000011000001001000000000010
01000000011011110001111101000100101000001001011000010010101000000000000010001011111000100000011001001
01011011010000010010110000111000000000111010100001010000100010011001001100100000101101010001011100000
00000000011000010100001100000001000010001111000101001100010000101000110001010000100010110010000010001
00001100101000011000010100100001110110100101100000110100010000010000010000000000001000001100000010111
01111100010011100011100000110010000000000000000000010000010001000110100010010001001101000000001100101
01001100010100000000000000000000100100010000000000000000000001000001000100101001000110000110101000000
00010000000110000000011000001000001100010000010110100111000101111110000000100010000110000001000100000
01001000000000000001001010110000010010001100010000100100000000000000110010000000101000000111000011100
00000001110110000001000000100010000000000110101000101100101001010101000000001001101000000101001101010
00000000000010001000100011101000000010100000100000010000010000000001010000100001100000000001110110010
00000000000101010010000100100000001001110100010100010001000101001100011001100010111000000110010000010
01101110000000000001011101000001000100000011001000000000001000000001101000000010100001000001000101010
00000000100001000110000010100111001010110100011000001000101100010000010000000110000110100000000001100
10001110100100000001000000010110000001010001100001100010010000000000000101001100000001011000010000010
01101011100101101100000011100000100011010000001001100101100000000000000000010000011000000000111000001
01000000000000010001100100010010110000110100001100010100000001000011000011110000100000000000000100001
01000000000011010100101010100001010001101101101101011000101000100101000000100000010110100000000000000
00011010100010000000000100000001110010001000011100100000000000100001101100100100100101010000010000100
10000000110001010001000101110001100111010100000111001011000000001001010011100011000000001000001010100
10010000100000001010000011101010001010100101100001001000100000000011001001100000001010010000000000001
00100000001000010100000100110100000110101001100001101000110010001001010001100011000100010101010000001
00001000100001011010000010010100000000000010100000000010010000001110000010010010100001110010000110001
10000000100110101000100111001000001010001011000010000010110111100001000101011010110011110000000000100
10100000010011110100000000000110110000100010000100001001011100100010010000000000000001010110000100000
01110010000010000000001000100001101100000000000001000001100010100000010001100000111001001001010100110
00000001000000001010000110000000000010000001111000000000110001010100000010000000000000001011101000000
01101000010100000010001001010000110100101110000001000000000001101001001010001100100000001000010100000
00100000000011110000011100000111111010010100100000010100011101100101000100011000110001000010010110010
10000100000000001000000100101100000000001000100000100101010100001111001111101000000010100110100010100
01110010011000100010100100010010010000001100000000001000110001100000001000010110000000000001000101001
01000010000101000000100000001010000100000010000000110011001001011010001000000000000010110001100010000
00100110000000000001110000101100010000100000000000101100010000100000010010010000000101000000001000001
11011011111001001000101000100000100000000000100110000000010010010001001010011010101010110000100000000
00000101001000100100001100000000100011001010100100000000001110010110000000001000000010100010000001101
11000010001111000010010000011000010101110000000100010100110000100000100000101011010000011100101100000
01101100100000110000000100010000001001001000000001001110100000001111011101110000011001000001000100000
00000010010100000110000001101011011000101101010010100110010011010000100001110000110011001001000100001
00001010100110111100100001101000000000110000011101000010011000101100011000111111010000000000011001010
01001010000010010000101101010010010010001110001100001100000001000000101000010000000111011100100011010
01001011100100000101000000010001100000110101011100000011011001000000000010010100000100001001100000010
00100111111010000101110100000001001100001001000011001001000110010101100000000010001101110001011001000
01111010000001010010010110001100010010000110001001000000100000000001001100100100101000000010001101100
00010000001110000001001010110000001001100100100110100110000000101000100001000000000000001100000100100
10100100010000011100110001000101100100001000001010100001111001000000000010010001010001010100010000000
10000100000011001100000110000110001100001110000110000010101000001000000110011001010100011001011001000
01000111010001100010000001011000000001000010111100001000010000000010010011100100101001110101100000000
00000000110100111101100011110011011001000111100000000000010110000001100001000100010100010000100000100
00010000100111000001001100000000100001110010010000000000000110110000101010101000000000000110011000010
11100001010000000000000001010000010000011001110001000000011010000111001110010000100001001000110100000
10100100110100001000010000000100000110010000000110010110100011001000000010000000001100000000100000000
00000101010010001010010100000101000100010100010101000000011100000110001100000000111010101000011100000
00011000001011010100000001000000000000001101100000001100000000001010010101100001001010101001000000011
00001101000110010100001000000000000000000000001110100000110000010101101010001000110110001100000000101
11011000010010000001100000100100000000100000000101011010010000000101000001001000110101010100110000111
00110000010010100000010001000000000000110000010000111001000010000110100100111011011001010000000000000
00010001010101000011100100111000001110100000000100010110100000000000110100110000001010101100010010000
00010010001000100100101010000100010000000000101100000110011000000001001110010000100001010001001001100
10011000000011000001100000000001101011010100000010001001100000000001000010001010101111100011000100001
01101001111101010000010001010100010101010100000010000110000100011010000000000010010100011010010100010
00010000000100000000000010000101011001000110001000110110100010000101001100000000001000000101101000000
00000110100001110000000000000010100000001110100000100010100110100001110110011010100000101100100000001
00001000001000000010000000000010111111000000011010000100100010011100000100110100001111011001001100010
01010101010010010010001100000110000001010010000010100100001010001000100010000100001001010101000000000
10101100000100011000111000100011110000010011100000000110001100010000001000000000000010001010001100010
00010101001001111100000111001001010000001001010000011010010001011000000001101010010000000011001110010
00000001000100100000000011000000010101010010000001010110100000000000000010110110000000110011001001000
10110000100100100000010000000000011000001000101011000000101100000001001010000011000100000011000011000
01000001100010000000111000000000010111000000001000000100010100100000001000001000010000000010000100101
10100000001000111011001111100110001000010100001100001010010010010101000101101110111010011000011010110
00000001100100001000010101000111000000001001010000000010101100000000011010010100000000000101001011001
00010010010110001000100000010001000010010000010010000010000000000010000000001000110000000000011000100
10100100011010011100110001000000000000100000001010101110000000001010101100100010001000100000000100000
00001111100001100101010011100001111010010100010010101011101110000100011011100011100100100110101000011
00100110010010000000011110001010110001001000101000000000101000011010100101010000000100000110110001000
01000001100000000000100000101000110100100100000100010101001010010100110010111010101010111001010100011
10000000001010011010000010010001100010000000000010001000100000001011110100000100011100110010001001001
01001000100100000110001110001000110100000101110010001100111010011100000000010011000000010011000110000
01101101000110001000000111101000011001011100010001000001000010000000000101010000010100000110110100000
00100101101001100100010000011010111000110000001000110100100011100100001011010000000101010000100000010
00100010010100110000001000000000000100000100000000000100011001100001011000010101001001100001010000000
01000000000000100001000010001000001100000100000101000011111010110100010000000110100001000111010000001
00000010011000010110100000001000001010111111100110000010001010000100100010101000010001100010010111000
00011000010010010001100000000010100001001000000000001010001000100000100101011100100101000000001000000
00100010100000000000011101000000100000000100000010000100010110011000000111010000100110000110100000010
00000100010111100000000010101100000000111010000111100111010000000010011000110000001000000001000100000
11100000001110001000110100000000001010010110000000000010001000010001010100111000110101100000110100010
10001011100010001111000000110101000011100101000110000000011110000001100000011111110100000100001000100
10000101101101100000101010010010000001010000001000000010000000001010110000100110000100000011000110001
00010100000010011100100001010000010001101001000000000001110000110001011000000000000010110111010101101
01100000111000001011001100100110011111101001010000110111110010000101001010001110000001010000010010010
10010001000000000100100010011010001000100001110100011010001100001100000011110010100100111001110001001
00101010001011110100001000000110111100111011000000100100010000011011001000000100000010111000010100010
10001001101010110001001000100000000100000110101100110100000000110100010100100000000100000000100001000
10000100010100000000000100000001001000001000000000000110001110000001000000010010110001100100100100100
00000100000000111000000101001001011011000010111011010010000001001001001101001001001001100010000100011
00000000000111000000000101000000100000100000000000010000100011000100001000111001011010001011000100011
1001000010000000010111010110110001100011000100000000100110000111101010000100011101100011101001000100G
