S0000000000100010101101100110101100010101010100011000010000100000010000100100000000000101000100010100
01100100000001000100000000000010011010000011010010010000000000001100010011000000100000001000000010010
00000100000000000110011011100100010110100001101000000000000000000000000000000000110101000000001000000
10010001010110101001110100010001000000100000001000010001010010011001110000000000000010100000010000000
00000110001010101000000000000010011001010011011010000000000000001000011100101100000100100000010000000
01011000010000000000000100011001011010000100010011101000000110111001000000111000100000111000001000011
01000000000001000000000000000101001100100110000001000110000101000000001110100100111100011010010000001
10001001000001001010000000011000010100100001000010000100000010001000001000000011101010000000110010010
01000100000001000100010110101001100101001001001000001011000010000100100000100001100100000000000000101
00011000000000010000010011001101010000000101110010010000010100101001000010110110011000000110101010000
01001000001000000011001000110000000001101100100110101100000001001111010100010000110000001110010010000
00000110000001000010100010110000110010000010010000000100010011100010010011011000000001000000001101010
11001000000001001000100000000100000000100000000001001000100010000010100001011101001000000001010001010
10000100001011001110111000111101011001001000011000000001001010001010100001010100001011100100111010110
00110011000001010000000100100000011000011110000011000000110010101000000100101000000100100010000100000
00010011001110000000011111000001011100010000010010001011000100010001000000010001110110000010010000001
10000111000000000100000011000000000011011000001100101001100010110010100101000100011100001000000100100
01010000100010000010001000100011001001010000010011001000000000000000101011110110000001000001001100000
00000001001000000000100100100000110010001001000100000010001001100100000001111011001101000010110000001
01100000100000110100000010000000000001001110110101101100010100000011001001001001001000000100100101010
01000000011110000010100000001100001110110100000000001110001101000000110100010000000001010110000000100
01001010000010001100000101010111110000100000100000101000010001111100000111000011101010100101000010001
10001000000100000010000000110001000100000001101101000000000010000010001000010001101010101010100100100
00100101011001101010101101000100101010100010010010000001110011000001000100011001010010000000100000010
00110001000101000000001001101000010110100000011101000011011001010000000001010000101010101000010101000
10001010001000000001000101000001100010000000010100001000000001000110010000100101010001101001010011110
00010001000000010010010000001010010100000000001001110100000100001101100000000001100001010000000000000
01110011000100101100010100111101000100100010000000000001010101010001000010010111100000101010110100000
00001010000100001101000110100101000011110000100000000001011010010000010100101000001110100001000000000
00001000010001000100000000000101110010000100100010001000010010100101000011000000000101100000000100101
01001101001100000000001010010000011000011000110011000000011110000010010010010001000000111010100000010
11000000100010000100001000010000000110011000100001100000100011000000001001110010010101010011001100001
11001001010100000000000001010010001000011000111010000000001000100000001101101001010011000000101101001
00100010100000010111010010000000100110011111010000001000011000010011011010011001011101101110001100010
00001010101000000000000000001000000000000101011010000010011010100000110100000000000110000101000000101
00001100010001000111011000001010000000000000010001000110001100110000000001001001010000000010101100000
00000101001101000000001000000101010101000001101100000010001001001000000010001100001000010011000000000
10010011000100000000010001010011001100100100000001000000111000000101010000001010011010001100001001010
01000100000110010000000101000111011101110011000110100110100100001001110000000011100110010101001001000
01101101001000110110010000100100010011010110110010010110100000000001010000010001000010101000001101000
00000101101111001000001000000000010100001000000100000011010001110010110100000001101000000000010101010
00000100010110110100000000000001000001100100110010000010111100100001001000000000001110010000010111100
00110000110100000100110000101101100000001101010001011010000000000010001000100000001000010000110010011
11010100010000100011100110000100010011100001000100010101000110000011100010000100000000010010000100000
00001010010010100110000100010000010000101101000000011000010000010010000001000101000101100000100001000
00111001100001101000111010001000101110000101000100010010101010000001100000000001100010000110000000100
00000001000101000001000111000000000011001010001000100000100100101010010110010000100111001100001111011
01000100001110010010010101001010011110000000111101100000000000110000000000010100100000110111100000001
10000000000000101100000001010000110000000100000011000011100110100100010000000101001010100000011010000
10001000011000010100010100001001101000000110001000001010000001000011010000101010000000100000000100101
01100000001110000000001100000100010111100010111000000000000000100011000100010001101001010000001100010
00101001010110001000100111000011000000011000010010111011000010010000000110101010010010011100010001010
11000100001000010100010000010100000001000101110010100001101001001101010010000000010001000100000100000
00000111101000001000000001010000000000000101000000111000010010001010101100100000000000000010000001000
11101011011000000001000010001000010000010001000110001011001010000001100001101100010110000000100000000
00001000000110001001000100000000010011010000000111000000000110000000010111000000100110100000100101100
00000001000000000100100000000000001001000000101000010100000110000000000010001101011010000000000100010
10000001010001100010001011110001111010010000001100000000000100101111000000001010110010011011000110000
10100101000000000001000000101110000010000010000000000000010101100100000100100011001100010000100000000
01110100001011001001100000101001000010101000111001100000100010010000011110010000000100011101110000001
00100001111000001110001111000010000000001001110001010110101000000110000011000000010000010000000000111
01011010100001010000011000101010010100000010001000001100000001100000010010111000011100000000000000000
00010000010001000001011000000000010100011001010010001100001001110000110001100000001000011011100100010
00001100000101100101000000101101101000010100100010011011000110001101110010000110001011000110010000000
01000001110100000000001010100100100000000001111000000001001100001001011001000000010100001000001000011
01010000101100000011100010000100000000001010010000100000100010000100000011001000010000000001000011001
00110000001000000000000101000000001001011101001100110000100101001100100000100110101000000010101011001
00101001100011000110000010000100100001010100010000100000000101000000100100000011100000001011000001011
00100001001100100000010010000000000111000000000100001000110010001000101111010000000110000010000000010
00011001000100011000110101010001001011010100010000111100000001111010000000001100000100010001000101100
11001000010111000110100000011001010000100000000000111001000110000000011000101001001100001001000000010
00011011001100000100010001101000100000001001000000100000111011010010100001000010010000001000000000001
00100000010011000011100100101010000000100100100000011000101001100000110001000001010111000100111100000
11101100010000000100010101010100010001000000010100001000011001010000000101001000100010100011101101011
00110100100010001000111101110000100000101010000100110000001001100000010000011100010010001001001000100
10000000000010100010001000000001000101000101010010100100010101110000101100011001000111010000001111011
01010000100000010000000000000010101010110111101101000001000100100100000010010010101001010101001000000
01010010100000000000010000100100010001000000010001000000000000000100011010000010000100010010001000000
11001010010101000010010000010111001100011001001001100100000010111001011011101000110100011000000001001
00000001011011000000100000010010100000001101010000000001011000110001000111101000011101000010000000000
01100010000001000000101101101110100000100110000001011101000000000010000000000000000001010000101000000
00000000100100100000000010101010101000110010100000001000100000101001001100100010101001000001010000101
10000001000100100100010000100100010100001000011100010000110001001000100000000010110000100100010100000
10000100001000000000000010000001000010000001000000001010001011011001000010100001000011011000100001010
00001001010000110001000000010000000000011010110001010010100000010110000000000010101100000000101011101
10000011000100110010000001101000001001001001001000100011001110010011000001000010000000011000000000000
00000000100000000001000000100010100110100001000111100000011010001001110000001100011110000001000100010
00100101011000100000000100000000000010110000100000000000000010101000010101101001100110101001000100000
10000010100000110000001100000010101000010001000000001000111100010010000000001100001001000010010000010
01100010110000010001010100001101000001100001100110110100100110101000000100100001101101110000001001010
10000001001110001010010000001101001001000110000000000110100000000100000000001100001010100001000000101
00100000010010010100000000001001000010000101001101110100010010000010000010001110000010010000001100001
11010010001000000100101000010010010011000011000001000100100000000000010100000000010000000101010000010
01001000001001100000000000100010000010100000000001000110010110110100000000101100000100010001000000001
00010110000000000110000000000000001001000100010101001010000110010010100110000000011100000111100000101
11001110100010000100111010000000000000001001111001000110100100000011100010010001101000000100000000000
00101000100001010100001101000101001001000100000000000010010010000011000001000000011100000000001000000
00101000000100101000011100010011110111001010101001000010000001000101010000010110001001000011101100100
00011001000011000010011010000000100010000011100011010001001001100000000001000010100110010000010000001
00010000100011100000000000000000001000001100100100001000000100000000011100000100000100000000101000001
0001010100110000000100100010000011000000010000110001010001110000101011000000001110010001110010010011G
